4.856000000000000000e+03
4.856000000000000000e+03
4.856000000000000000e+03
4.856000000000000000e+03
4.856000000000000000e+03
4.856000000000000000e+03
4.857000000000000000e+03
4.857000000000000000e+03
4.857000000000000000e+03
4.857000000000000000e+03
4.858000000000000000e+03
4.858000000000000000e+03
4.858000000000000000e+03
4.859000000000000000e+03
4.859000000000000000e+03
4.859000000000000000e+03
4.860000000000000000e+03
4.860000000000000000e+03
4.860000000000000000e+03
4.860000000000000000e+03
4.861000000000000000e+03
4.861000000000000000e+03
4.861000000000000000e+03
4.861000000000000000e+03
4.862000000000000000e+03
4.862000000000000000e+03
4.862000000000000000e+03
4.862000000000000000e+03
4.862000000000000000e+03
4.862000000000000000e+03
4.863000000000000000e+03
4.863000000000000000e+03
4.863000000000000000e+03
4.863000000000000000e+03
4.863000000000000000e+03
4.863000000000000000e+03
4.863000000000000000e+03
4.863000000000000000e+03
4.863000000000000000e+03
4.863000000000000000e+03
4.863000000000000000e+03
4.863000000000000000e+03
4.864000000000000000e+03
4.864000000000000000e+03
4.864000000000000000e+03
4.864000000000000000e+03
4.863000000000000000e+03
4.863000000000000000e+03
4.863000000000000000e+03
4.863000000000000000e+03
4.863000000000000000e+03
4.863000000000000000e+03
4.863000000000000000e+03
4.863000000000000000e+03
4.863000000000000000e+03
4.863000000000000000e+03
4.863000000000000000e+03
4.863000000000000000e+03
4.863000000000000000e+03
4.862000000000000000e+03
4.862000000000000000e+03
4.862000000000000000e+03
4.862000000000000000e+03
4.862000000000000000e+03
4.862000000000000000e+03
4.862000000000000000e+03
4.861000000000000000e+03
4.861000000000000000e+03
4.861000000000000000e+03
4.861000000000000000e+03
4.861000000000000000e+03
4.860000000000000000e+03
4.860000000000000000e+03
4.860000000000000000e+03
4.860000000000000000e+03
4.860000000000000000e+03
4.859000000000000000e+03
4.859000000000000000e+03
4.859000000000000000e+03
4.859000000000000000e+03
4.859000000000000000e+03
4.858000000000000000e+03
4.858000000000000000e+03
4.858000000000000000e+03
4.858000000000000000e+03
4.857000000000000000e+03
4.857000000000000000e+03
4.857000000000000000e+03
4.857000000000000000e+03
4.856000000000000000e+03
4.856000000000000000e+03
4.856000000000000000e+03
4.856000000000000000e+03
4.855000000000000000e+03
4.855000000000000000e+03
4.855000000000000000e+03
4.855000000000000000e+03
4.854000000000000000e+03
4.854000000000000000e+03
4.854000000000000000e+03
4.853000000000000000e+03
4.853000000000000000e+03
4.853000000000000000e+03
4.853000000000000000e+03
4.852000000000000000e+03
4.852000000000000000e+03
4.852000000000000000e+03
4.852000000000000000e+03
4.851000000000000000e+03
4.851000000000000000e+03
4.851000000000000000e+03
4.851000000000000000e+03
4.850000000000000000e+03
4.850000000000000000e+03
4.850000000000000000e+03
4.850000000000000000e+03
4.849000000000000000e+03
4.849000000000000000e+03
4.849000000000000000e+03
4.849000000000000000e+03
4.848000000000000000e+03
4.848000000000000000e+03
4.848000000000000000e+03
4.848000000000000000e+03
4.847000000000000000e+03
4.847000000000000000e+03
4.847000000000000000e+03
4.847000000000000000e+03
4.846000000000000000e+03
4.846000000000000000e+03
4.846000000000000000e+03
4.846000000000000000e+03
4.846000000000000000e+03
4.845000000000000000e+03
4.845000000000000000e+03
4.845000000000000000e+03
4.845000000000000000e+03
4.845000000000000000e+03
4.844000000000000000e+03
4.844000000000000000e+03
4.844000000000000000e+03
4.844000000000000000e+03
4.844000000000000000e+03
4.843000000000000000e+03
4.843000000000000000e+03
4.843000000000000000e+03
4.843000000000000000e+03
4.843000000000000000e+03
4.843000000000000000e+03
4.842000000000000000e+03
4.842000000000000000e+03
4.842000000000000000e+03
4.842000000000000000e+03
4.842000000000000000e+03
4.842000000000000000e+03
4.841000000000000000e+03
4.841000000000000000e+03
4.841000000000000000e+03
4.841000000000000000e+03
4.841000000000000000e+03
4.841000000000000000e+03
4.841000000000000000e+03
4.840000000000000000e+03
4.840000000000000000e+03
4.840000000000000000e+03
4.840000000000000000e+03
4.840000000000000000e+03
4.840000000000000000e+03
4.840000000000000000e+03
4.839000000000000000e+03
4.839000000000000000e+03
4.839000000000000000e+03
4.839000000000000000e+03
4.839000000000000000e+03
4.839000000000000000e+03
4.839000000000000000e+03
4.839000000000000000e+03
4.838000000000000000e+03
4.838000000000000000e+03
4.838000000000000000e+03
4.838000000000000000e+03
4.838000000000000000e+03
4.838000000000000000e+03
4.838000000000000000e+03
4.838000000000000000e+03
4.838000000000000000e+03
4.837000000000000000e+03
4.837000000000000000e+03
4.837000000000000000e+03
4.837000000000000000e+03
4.837000000000000000e+03
4.837000000000000000e+03
4.837000000000000000e+03
4.837000000000000000e+03
4.837000000000000000e+03
4.837000000000000000e+03
4.836000000000000000e+03
4.836000000000000000e+03
4.836000000000000000e+03
4.836000000000000000e+03
4.836000000000000000e+03
4.836000000000000000e+03
4.836000000000000000e+03
4.836000000000000000e+03
4.836000000000000000e+03
4.836000000000000000e+03
4.836000000000000000e+03
4.836000000000000000e+03
4.835000000000000000e+03
4.835000000000000000e+03
4.835000000000000000e+03
4.835000000000000000e+03
4.835000000000000000e+03
4.835000000000000000e+03
4.835000000000000000e+03
4.835000000000000000e+03
4.835000000000000000e+03
4.835000000000000000e+03
4.835000000000000000e+03
4.835000000000000000e+03
4.835000000000000000e+03
4.834000000000000000e+03
4.834000000000000000e+03
4.834000000000000000e+03
4.834000000000000000e+03
4.834000000000000000e+03
4.834000000000000000e+03
4.834000000000000000e+03
4.834000000000000000e+03
4.834000000000000000e+03
4.834000000000000000e+03
4.834000000000000000e+03
4.834000000000000000e+03
4.834000000000000000e+03
4.834000000000000000e+03
4.834000000000000000e+03
4.834000000000000000e+03
4.833000000000000000e+03
4.833000000000000000e+03
4.833000000000000000e+03
4.833000000000000000e+03
4.833000000000000000e+03
4.833000000000000000e+03
4.833000000000000000e+03
4.833000000000000000e+03
4.833000000000000000e+03
4.833000000000000000e+03
4.833000000000000000e+03
4.833000000000000000e+03
4.833000000000000000e+03
4.833000000000000000e+03
4.833000000000000000e+03
4.833000000000000000e+03
4.833000000000000000e+03
4.833000000000000000e+03
4.832000000000000000e+03
4.832000000000000000e+03
4.832000000000000000e+03
4.832000000000000000e+03
4.832000000000000000e+03
4.832000000000000000e+03
4.832000000000000000e+03
4.832000000000000000e+03
4.832000000000000000e+03
4.832000000000000000e+03
4.832000000000000000e+03
4.832000000000000000e+03
4.832000000000000000e+03
4.832000000000000000e+03
4.832000000000000000e+03
4.832000000000000000e+03
4.832000000000000000e+03
4.832000000000000000e+03
4.832000000000000000e+03
4.832000000000000000e+03
4.832000000000000000e+03
4.832000000000000000e+03
4.832000000000000000e+03
4.832000000000000000e+03
4.832000000000000000e+03
4.831000000000000000e+03
4.831000000000000000e+03
4.831000000000000000e+03
4.831000000000000000e+03
4.831000000000000000e+03
4.831000000000000000e+03
4.831000000000000000e+03
4.831000000000000000e+03
4.831000000000000000e+03
4.831000000000000000e+03
4.831000000000000000e+03
4.831000000000000000e+03
4.831000000000000000e+03
4.831000000000000000e+03
4.831000000000000000e+03
4.831000000000000000e+03
4.831000000000000000e+03
4.831000000000000000e+03
4.831000000000000000e+03
4.831000000000000000e+03
4.831000000000000000e+03
4.831000000000000000e+03
4.831000000000000000e+03
4.831000000000000000e+03
4.831000000000000000e+03
4.831000000000000000e+03
4.831000000000000000e+03
4.831000000000000000e+03
4.831000000000000000e+03
4.831000000000000000e+03
4.831000000000000000e+03
4.831000000000000000e+03
4.831000000000000000e+03
4.831000000000000000e+03
4.831000000000000000e+03
4.831000000000000000e+03
4.831000000000000000e+03
4.831000000000000000e+03
4.831000000000000000e+03
4.831000000000000000e+03
4.831000000000000000e+03
4.831000000000000000e+03
4.830000000000000000e+03
4.830000000000000000e+03
4.830000000000000000e+03
4.830000000000000000e+03
4.830000000000000000e+03
4.830000000000000000e+03
4.830000000000000000e+03
4.830000000000000000e+03
4.830000000000000000e+03
4.830000000000000000e+03
4.830000000000000000e+03
4.830000000000000000e+03
4.830000000000000000e+03
4.830000000000000000e+03
4.830000000000000000e+03
4.830000000000000000e+03
4.830000000000000000e+03
4.830000000000000000e+03
4.830000000000000000e+03
4.830000000000000000e+03
4.830000000000000000e+03
4.830000000000000000e+03
4.830000000000000000e+03
4.830000000000000000e+03
4.830000000000000000e+03
4.830000000000000000e+03
4.830000000000000000e+03
4.830000000000000000e+03
4.830000000000000000e+03
4.830000000000000000e+03
4.830000000000000000e+03
4.830000000000000000e+03
4.830000000000000000e+03
4.830000000000000000e+03
4.830000000000000000e+03
4.830000000000000000e+03
4.830000000000000000e+03
4.830000000000000000e+03
4.830000000000000000e+03
4.830000000000000000e+03
4.830000000000000000e+03
4.830000000000000000e+03
4.830000000000000000e+03
4.830000000000000000e+03
4.830000000000000000e+03
4.830000000000000000e+03
4.830000000000000000e+03
4.830000000000000000e+03
4.830000000000000000e+03
4.830000000000000000e+03
4.830000000000000000e+03
4.830000000000000000e+03
4.830000000000000000e+03
4.830000000000000000e+03
4.830000000000000000e+03
4.830000000000000000e+03
4.830000000000000000e+03
4.830000000000000000e+03
4.830000000000000000e+03
4.830000000000000000e+03
4.830000000000000000e+03
4.830000000000000000e+03
4.830000000000000000e+03
4.831000000000000000e+03
4.831000000000000000e+03
4.831000000000000000e+03
4.831000000000000000e+03
4.831000000000000000e+03
4.831000000000000000e+03
4.831000000000000000e+03
4.831000000000000000e+03
4.831000000000000000e+03
4.831000000000000000e+03
4.831000000000000000e+03
4.831000000000000000e+03
4.831000000000000000e+03
4.831000000000000000e+03
4.831000000000000000e+03
4.831000000000000000e+03
4.831000000000000000e+03
4.831000000000000000e+03
4.831000000000000000e+03
4.831000000000000000e+03
4.831000000000000000e+03
4.831000000000000000e+03
4.831000000000000000e+03
4.831000000000000000e+03
4.831000000000000000e+03
4.831000000000000000e+03
4.831000000000000000e+03
4.831000000000000000e+03
4.831000000000000000e+03
4.831000000000000000e+03
4.831000000000000000e+03
4.831000000000000000e+03
4.831000000000000000e+03
4.831000000000000000e+03
4.831000000000000000e+03
4.831000000000000000e+03
4.831000000000000000e+03
4.831000000000000000e+03
4.831000000000000000e+03
4.831000000000000000e+03
4.831000000000000000e+03
4.831000000000000000e+03
4.831000000000000000e+03
4.831000000000000000e+03
4.831000000000000000e+03
4.831000000000000000e+03
4.832000000000000000e+03
4.832000000000000000e+03
4.832000000000000000e+03
4.832000000000000000e+03
4.832000000000000000e+03
4.832000000000000000e+03
4.832000000000000000e+03
4.832000000000000000e+03
4.832000000000000000e+03
4.832000000000000000e+03
4.832000000000000000e+03
4.832000000000000000e+03
4.832000000000000000e+03
4.832000000000000000e+03
4.832000000000000000e+03
4.832000000000000000e+03
4.832000000000000000e+03
4.832000000000000000e+03
4.832000000000000000e+03
4.832000000000000000e+03
4.832000000000000000e+03
4.832000000000000000e+03
4.832000000000000000e+03
4.832000000000000000e+03
4.832000000000000000e+03
4.832000000000000000e+03
4.832000000000000000e+03
4.832000000000000000e+03
4.832000000000000000e+03
4.832000000000000000e+03
4.833000000000000000e+03
4.833000000000000000e+03
4.833000000000000000e+03
4.833000000000000000e+03
4.833000000000000000e+03
4.833000000000000000e+03
4.833000000000000000e+03
4.833000000000000000e+03
4.833000000000000000e+03
4.833000000000000000e+03
4.833000000000000000e+03
4.833000000000000000e+03
4.833000000000000000e+03
4.833000000000000000e+03
4.833000000000000000e+03
4.833000000000000000e+03
4.833000000000000000e+03
4.833000000000000000e+03
4.833000000000000000e+03
4.833000000000000000e+03
4.833000000000000000e+03
4.833000000000000000e+03
4.833000000000000000e+03
4.833000000000000000e+03
4.834000000000000000e+03
4.834000000000000000e+03
4.834000000000000000e+03
4.834000000000000000e+03
4.834000000000000000e+03
4.834000000000000000e+03
4.834000000000000000e+03
4.834000000000000000e+03
4.834000000000000000e+03
4.834000000000000000e+03
4.834000000000000000e+03
4.834000000000000000e+03
4.834000000000000000e+03
4.834000000000000000e+03
4.834000000000000000e+03
4.834000000000000000e+03
4.834000000000000000e+03
4.834000000000000000e+03
4.834000000000000000e+03
4.834000000000000000e+03
4.834000000000000000e+03
4.835000000000000000e+03
4.835000000000000000e+03
4.835000000000000000e+03
4.835000000000000000e+03
4.835000000000000000e+03
4.835000000000000000e+03
4.835000000000000000e+03
4.835000000000000000e+03
4.835000000000000000e+03
4.835000000000000000e+03
4.835000000000000000e+03
4.835000000000000000e+03
4.835000000000000000e+03
4.835000000000000000e+03
4.835000000000000000e+03
4.835000000000000000e+03
4.835000000000000000e+03
4.835000000000000000e+03
4.836000000000000000e+03
4.836000000000000000e+03
4.836000000000000000e+03
4.836000000000000000e+03
4.836000000000000000e+03
4.836000000000000000e+03
4.836000000000000000e+03
4.836000000000000000e+03
4.836000000000000000e+03
4.836000000000000000e+03
4.836000000000000000e+03
4.836000000000000000e+03
4.836000000000000000e+03
4.836000000000000000e+03
4.836000000000000000e+03
4.836000000000000000e+03
4.836000000000000000e+03
4.836000000000000000e+03
4.837000000000000000e+03
4.837000000000000000e+03
4.837000000000000000e+03
4.837000000000000000e+03
4.837000000000000000e+03
4.837000000000000000e+03
4.837000000000000000e+03
4.837000000000000000e+03
4.837000000000000000e+03
4.837000000000000000e+03
4.837000000000000000e+03
4.837000000000000000e+03
4.837000000000000000e+03
4.837000000000000000e+03
4.837000000000000000e+03
4.837000000000000000e+03
4.838000000000000000e+03
4.838000000000000000e+03
4.838000000000000000e+03
4.838000000000000000e+03
4.838000000000000000e+03
4.838000000000000000e+03
4.838000000000000000e+03
4.838000000000000000e+03
4.838000000000000000e+03
4.838000000000000000e+03
4.838000000000000000e+03
4.838000000000000000e+03
4.838000000000000000e+03
4.838000000000000000e+03
4.838000000000000000e+03
4.838000000000000000e+03
4.839000000000000000e+03
4.839000000000000000e+03
4.839000000000000000e+03
4.839000000000000000e+03
4.839000000000000000e+03
4.839000000000000000e+03
4.839000000000000000e+03
4.839000000000000000e+03
4.839000000000000000e+03
4.839000000000000000e+03
4.839000000000000000e+03
4.839000000000000000e+03
4.839000000000000000e+03
4.839000000000000000e+03
4.839000000000000000e+03
4.840000000000000000e+03
4.840000000000000000e+03
4.840000000000000000e+03
4.840000000000000000e+03
4.840000000000000000e+03
4.840000000000000000e+03
4.840000000000000000e+03
4.840000000000000000e+03
4.840000000000000000e+03
4.840000000000000000e+03
4.840000000000000000e+03
4.840000000000000000e+03
4.840000000000000000e+03
4.840000000000000000e+03
4.841000000000000000e+03
4.841000000000000000e+03
4.841000000000000000e+03
4.841000000000000000e+03
4.841000000000000000e+03
4.841000000000000000e+03
4.841000000000000000e+03
4.841000000000000000e+03
4.841000000000000000e+03
4.841000000000000000e+03
4.841000000000000000e+03
4.841000000000000000e+03
4.841000000000000000e+03
4.841000000000000000e+03
4.842000000000000000e+03
4.842000000000000000e+03
4.842000000000000000e+03
4.842000000000000000e+03
4.842000000000000000e+03
4.842000000000000000e+03
4.842000000000000000e+03
4.842000000000000000e+03
4.842000000000000000e+03
4.842000000000000000e+03
4.842000000000000000e+03
4.842000000000000000e+03
4.842000000000000000e+03
4.843000000000000000e+03
4.843000000000000000e+03
4.843000000000000000e+03
4.843000000000000000e+03
4.843000000000000000e+03
4.843000000000000000e+03
4.843000000000000000e+03
4.843000000000000000e+03
4.843000000000000000e+03
4.843000000000000000e+03
4.843000000000000000e+03
4.843000000000000000e+03
4.843000000000000000e+03
4.844000000000000000e+03
4.844000000000000000e+03
4.844000000000000000e+03
4.844000000000000000e+03
4.844000000000000000e+03
4.844000000000000000e+03
4.844000000000000000e+03
4.844000000000000000e+03
4.844000000000000000e+03
4.844000000000000000e+03
4.844000000000000000e+03
4.844000000000000000e+03
4.844000000000000000e+03
4.845000000000000000e+03
4.845000000000000000e+03
4.845000000000000000e+03
4.845000000000000000e+03
4.845000000000000000e+03
4.845000000000000000e+03
4.845000000000000000e+03
4.845000000000000000e+03
4.845000000000000000e+03
4.845000000000000000e+03
4.845000000000000000e+03
4.845000000000000000e+03
4.846000000000000000e+03
4.846000000000000000e+03
4.846000000000000000e+03
4.846000000000000000e+03
4.846000000000000000e+03
4.846000000000000000e+03
4.846000000000000000e+03
4.846000000000000000e+03
4.846000000000000000e+03
4.846000000000000000e+03
4.846000000000000000e+03
4.846000000000000000e+03
4.847000000000000000e+03
4.847000000000000000e+03
4.847000000000000000e+03
4.847000000000000000e+03
4.847000000000000000e+03
4.847000000000000000e+03
4.847000000000000000e+03
4.847000000000000000e+03
4.847000000000000000e+03
4.847000000000000000e+03
4.847000000000000000e+03
4.847000000000000000e+03
4.848000000000000000e+03
4.848000000000000000e+03
4.848000000000000000e+03
4.848000000000000000e+03
4.848000000000000000e+03
4.848000000000000000e+03
4.848000000000000000e+03
4.848000000000000000e+03
4.848000000000000000e+03
4.848000000000000000e+03
4.848000000000000000e+03
4.848000000000000000e+03
4.849000000000000000e+03
4.849000000000000000e+03
4.849000000000000000e+03
4.849000000000000000e+03
4.849000000000000000e+03
4.849000000000000000e+03
4.849000000000000000e+03
4.849000000000000000e+03
4.849000000000000000e+03
4.849000000000000000e+03
4.849000000000000000e+03
4.850000000000000000e+03
4.850000000000000000e+03
4.850000000000000000e+03
4.850000000000000000e+03
4.850000000000000000e+03
4.850000000000000000e+03
4.850000000000000000e+03
4.850000000000000000e+03
4.850000000000000000e+03
4.850000000000000000e+03
4.850000000000000000e+03
4.851000000000000000e+03
4.851000000000000000e+03
4.851000000000000000e+03
4.851000000000000000e+03
4.851000000000000000e+03
4.851000000000000000e+03
4.851000000000000000e+03
4.851000000000000000e+03
4.851000000000000000e+03
4.851000000000000000e+03
4.851000000000000000e+03
4.851000000000000000e+03
4.852000000000000000e+03
4.852000000000000000e+03
4.852000000000000000e+03
4.852000000000000000e+03
4.852000000000000000e+03
4.852000000000000000e+03
4.852000000000000000e+03
4.852000000000000000e+03
4.852000000000000000e+03
4.852000000000000000e+03
4.853000000000000000e+03
4.853000000000000000e+03
4.853000000000000000e+03
4.853000000000000000e+03
4.853000000000000000e+03
4.853000000000000000e+03
4.853000000000000000e+03
4.853000000000000000e+03
4.853000000000000000e+03
4.853000000000000000e+03
4.853000000000000000e+03
4.854000000000000000e+03
4.854000000000000000e+03
4.854000000000000000e+03
4.854000000000000000e+03
4.854000000000000000e+03
4.854000000000000000e+03
4.854000000000000000e+03
4.854000000000000000e+03
4.854000000000000000e+03
4.854000000000000000e+03
4.855000000000000000e+03
4.855000000000000000e+03
4.855000000000000000e+03
4.855000000000000000e+03
4.855000000000000000e+03
4.855000000000000000e+03
4.855000000000000000e+03
4.855000000000000000e+03
4.855000000000000000e+03
4.855000000000000000e+03
4.855000000000000000e+03
4.856000000000000000e+03
4.856000000000000000e+03
4.856000000000000000e+03
4.856000000000000000e+03
4.856000000000000000e+03
4.856000000000000000e+03
4.856000000000000000e+03
4.856000000000000000e+03
4.856000000000000000e+03
4.856000000000000000e+03
4.857000000000000000e+03
4.857000000000000000e+03
4.857000000000000000e+03
4.857000000000000000e+03
4.857000000000000000e+03
4.857000000000000000e+03
4.857000000000000000e+03
4.857000000000000000e+03
4.857000000000000000e+03
4.857000000000000000e+03
4.858000000000000000e+03
4.858000000000000000e+03
4.858000000000000000e+03
4.858000000000000000e+03
4.858000000000000000e+03
4.858000000000000000e+03
4.858000000000000000e+03
4.858000000000000000e+03
4.858000000000000000e+03
4.858000000000000000e+03
4.859000000000000000e+03
4.859000000000000000e+03
4.859000000000000000e+03
4.859000000000000000e+03
4.859000000000000000e+03
4.859000000000000000e+03
4.859000000000000000e+03
4.859000000000000000e+03
4.859000000000000000e+03
4.860000000000000000e+03
4.860000000000000000e+03
4.860000000000000000e+03
4.860000000000000000e+03
4.860000000000000000e+03
4.860000000000000000e+03
4.860000000000000000e+03
4.860000000000000000e+03
4.860000000000000000e+03
4.860000000000000000e+03
4.861000000000000000e+03
4.861000000000000000e+03
4.861000000000000000e+03
4.861000000000000000e+03
4.861000000000000000e+03
4.861000000000000000e+03
4.861000000000000000e+03
4.861000000000000000e+03
4.861000000000000000e+03
4.861000000000000000e+03
4.862000000000000000e+03
4.862000000000000000e+03
4.862000000000000000e+03
4.862000000000000000e+03
4.862000000000000000e+03
4.862000000000000000e+03
4.862000000000000000e+03
4.862000000000000000e+03
4.862000000000000000e+03
4.863000000000000000e+03
4.863000000000000000e+03
4.863000000000000000e+03
4.863000000000000000e+03
4.863000000000000000e+03
4.863000000000000000e+03
4.863000000000000000e+03
4.863000000000000000e+03
4.863000000000000000e+03
4.864000000000000000e+03
4.864000000000000000e+03
4.864000000000000000e+03
4.864000000000000000e+03
4.864000000000000000e+03
4.864000000000000000e+03
4.864000000000000000e+03
4.864000000000000000e+03
4.864000000000000000e+03
4.864000000000000000e+03
4.865000000000000000e+03
4.865000000000000000e+03
4.865000000000000000e+03
4.865000000000000000e+03
4.865000000000000000e+03
4.865000000000000000e+03
4.865000000000000000e+03
4.865000000000000000e+03
4.865000000000000000e+03
4.866000000000000000e+03
4.866000000000000000e+03
4.866000000000000000e+03
4.866000000000000000e+03
4.866000000000000000e+03
4.866000000000000000e+03
4.866000000000000000e+03
4.866000000000000000e+03
4.866000000000000000e+03
4.866000000000000000e+03
4.867000000000000000e+03
4.867000000000000000e+03
4.867000000000000000e+03
4.867000000000000000e+03
4.867000000000000000e+03
4.867000000000000000e+03
4.867000000000000000e+03
4.867000000000000000e+03
4.867000000000000000e+03
4.868000000000000000e+03
4.868000000000000000e+03
4.868000000000000000e+03
4.868000000000000000e+03
4.868000000000000000e+03
4.868000000000000000e+03
4.868000000000000000e+03
4.868000000000000000e+03
4.868000000000000000e+03
4.869000000000000000e+03
4.869000000000000000e+03
4.869000000000000000e+03
4.869000000000000000e+03
4.869000000000000000e+03
4.869000000000000000e+03
4.869000000000000000e+03
4.869000000000000000e+03
4.869000000000000000e+03
4.870000000000000000e+03
4.870000000000000000e+03
4.870000000000000000e+03
4.870000000000000000e+03
4.870000000000000000e+03
4.870000000000000000e+03
4.870000000000000000e+03
4.870000000000000000e+03
4.870000000000000000e+03
4.871000000000000000e+03
4.871000000000000000e+03
4.871000000000000000e+03
4.871000000000000000e+03
4.871000000000000000e+03
4.871000000000000000e+03
4.871000000000000000e+03
4.871000000000000000e+03
4.872000000000000000e+03
4.872000000000000000e+03
4.872000000000000000e+03
4.872000000000000000e+03
4.872000000000000000e+03
4.872000000000000000e+03
4.872000000000000000e+03
4.872000000000000000e+03
4.872000000000000000e+03
4.873000000000000000e+03
4.873000000000000000e+03
4.873000000000000000e+03
4.873000000000000000e+03
4.873000000000000000e+03
4.873000000000000000e+03
4.873000000000000000e+03
4.873000000000000000e+03
4.873000000000000000e+03
4.874000000000000000e+03
4.874000000000000000e+03
4.874000000000000000e+03
4.874000000000000000e+03
4.874000000000000000e+03
4.874000000000000000e+03
4.874000000000000000e+03
4.874000000000000000e+03
4.875000000000000000e+03
4.875000000000000000e+03
4.875000000000000000e+03
4.875000000000000000e+03
4.875000000000000000e+03
4.875000000000000000e+03
4.875000000000000000e+03
4.875000000000000000e+03
4.876000000000000000e+03
4.876000000000000000e+03
4.876000000000000000e+03
4.876000000000000000e+03
4.876000000000000000e+03
4.876000000000000000e+03
4.876000000000000000e+03
4.876000000000000000e+03
4.877000000000000000e+03
4.877000000000000000e+03
4.877000000000000000e+03
4.877000000000000000e+03
4.877000000000000000e+03
4.877000000000000000e+03
4.877000000000000000e+03
4.878000000000000000e+03
4.878000000000000000e+03
4.878000000000000000e+03
4.878000000000000000e+03
4.878000000000000000e+03
4.878000000000000000e+03
4.878000000000000000e+03
4.878000000000000000e+03
4.879000000000000000e+03
4.879000000000000000e+03
4.879000000000000000e+03
4.879000000000000000e+03
4.879000000000000000e+03
4.879000000000000000e+03
4.879000000000000000e+03
4.879000000000000000e+03
4.880000000000000000e+03
4.880000000000000000e+03
4.880000000000000000e+03
4.880000000000000000e+03
4.880000000000000000e+03
4.880000000000000000e+03
4.880000000000000000e+03
4.880000000000000000e+03
4.881000000000000000e+03
4.881000000000000000e+03
4.881000000000000000e+03
4.881000000000000000e+03
4.881000000000000000e+03
4.881000000000000000e+03
4.881000000000000000e+03
4.881000000000000000e+03
4.882000000000000000e+03
4.882000000000000000e+03
4.882000000000000000e+03
4.882000000000000000e+03
4.882000000000000000e+03
4.882000000000000000e+03
4.882000000000000000e+03
4.882000000000000000e+03
4.883000000000000000e+03
4.883000000000000000e+03
4.883000000000000000e+03
4.883000000000000000e+03
4.883000000000000000e+03
4.883000000000000000e+03
4.883000000000000000e+03
4.884000000000000000e+03
4.884000000000000000e+03
4.884000000000000000e+03
4.884000000000000000e+03
4.884000000000000000e+03
4.884000000000000000e+03
4.884000000000000000e+03
4.884000000000000000e+03
4.885000000000000000e+03
4.885000000000000000e+03
4.885000000000000000e+03
4.885000000000000000e+03
4.885000000000000000e+03
4.885000000000000000e+03
4.885000000000000000e+03
4.885000000000000000e+03
4.886000000000000000e+03
4.886000000000000000e+03
4.886000000000000000e+03
4.886000000000000000e+03
4.886000000000000000e+03
4.886000000000000000e+03
4.886000000000000000e+03
4.886000000000000000e+03
4.887000000000000000e+03
4.887000000000000000e+03
4.887000000000000000e+03
4.887000000000000000e+03
4.887000000000000000e+03
4.887000000000000000e+03
4.887000000000000000e+03
4.888000000000000000e+03
4.888000000000000000e+03
4.888000000000000000e+03
4.888000000000000000e+03
4.888000000000000000e+03
4.888000000000000000e+03
4.888000000000000000e+03
4.889000000000000000e+03
4.889000000000000000e+03
4.889000000000000000e+03
4.889000000000000000e+03
4.889000000000000000e+03
4.889000000000000000e+03
4.889000000000000000e+03
4.889000000000000000e+03
4.890000000000000000e+03
4.890000000000000000e+03
4.890000000000000000e+03
4.890000000000000000e+03
4.890000000000000000e+03
4.890000000000000000e+03
4.890000000000000000e+03
4.890000000000000000e+03
4.891000000000000000e+03
4.891000000000000000e+03
4.891000000000000000e+03
4.891000000000000000e+03
4.891000000000000000e+03
4.891000000000000000e+03
4.891000000000000000e+03
4.891000000000000000e+03
4.892000000000000000e+03
4.892000000000000000e+03
4.892000000000000000e+03
4.892000000000000000e+03
4.892000000000000000e+03
4.892000000000000000e+03
4.892000000000000000e+03
4.892000000000000000e+03
4.893000000000000000e+03
4.893000000000000000e+03
4.893000000000000000e+03
4.893000000000000000e+03
4.893000000000000000e+03
4.893000000000000000e+03
4.893000000000000000e+03
4.894000000000000000e+03
4.894000000000000000e+03
4.894000000000000000e+03
4.894000000000000000e+03
4.894000000000000000e+03
4.894000000000000000e+03
4.894000000000000000e+03
4.895000000000000000e+03
4.895000000000000000e+03
4.895000000000000000e+03
4.895000000000000000e+03
4.895000000000000000e+03
4.895000000000000000e+03
4.895000000000000000e+03
4.896000000000000000e+03
4.896000000000000000e+03
4.896000000000000000e+03
4.896000000000000000e+03
4.896000000000000000e+03
4.896000000000000000e+03
4.896000000000000000e+03
4.896000000000000000e+03
4.897000000000000000e+03
4.897000000000000000e+03
4.897000000000000000e+03
4.897000000000000000e+03
4.897000000000000000e+03
4.897000000000000000e+03
4.897000000000000000e+03
4.898000000000000000e+03
4.898000000000000000e+03
4.898000000000000000e+03
4.898000000000000000e+03
4.898000000000000000e+03
4.898000000000000000e+03
4.899000000000000000e+03
4.899000000000000000e+03
4.899000000000000000e+03
4.899000000000000000e+03
4.899000000000000000e+03
4.899000000000000000e+03
4.899000000000000000e+03
4.900000000000000000e+03
4.900000000000000000e+03
4.900000000000000000e+03
4.900000000000000000e+03
4.900000000000000000e+03
4.900000000000000000e+03
4.901000000000000000e+03
4.901000000000000000e+03
4.901000000000000000e+03
4.901000000000000000e+03
4.901000000000000000e+03
4.901000000000000000e+03
4.901000000000000000e+03
4.902000000000000000e+03
4.902000000000000000e+03
4.902000000000000000e+03
4.902000000000000000e+03
4.902000000000000000e+03
4.902000000000000000e+03
4.903000000000000000e+03
4.903000000000000000e+03
4.903000000000000000e+03
4.903000000000000000e+03
4.903000000000000000e+03
4.903000000000000000e+03
4.903000000000000000e+03
4.904000000000000000e+03
4.904000000000000000e+03
4.904000000000000000e+03
4.904000000000000000e+03
4.904000000000000000e+03
4.904000000000000000e+03
4.904000000000000000e+03
4.905000000000000000e+03
4.905000000000000000e+03
4.905000000000000000e+03
4.905000000000000000e+03
4.905000000000000000e+03
4.905000000000000000e+03
4.906000000000000000e+03
4.906000000000000000e+03
4.906000000000000000e+03
4.906000000000000000e+03
4.906000000000000000e+03
4.906000000000000000e+03
4.906000000000000000e+03
4.907000000000000000e+03
4.907000000000000000e+03
4.907000000000000000e+03
4.907000000000000000e+03
4.907000000000000000e+03
4.907000000000000000e+03
4.908000000000000000e+03
4.908000000000000000e+03
4.908000000000000000e+03
4.908000000000000000e+03
4.908000000000000000e+03
4.908000000000000000e+03
4.909000000000000000e+03
4.909000000000000000e+03
4.909000000000000000e+03
4.909000000000000000e+03
4.909000000000000000e+03
4.909000000000000000e+03
4.909000000000000000e+03
4.910000000000000000e+03
4.910000000000000000e+03
4.910000000000000000e+03
4.910000000000000000e+03
4.910000000000000000e+03
4.910000000000000000e+03
4.911000000000000000e+03
4.911000000000000000e+03
4.911000000000000000e+03
4.911000000000000000e+03
4.911000000000000000e+03
4.911000000000000000e+03
4.911000000000000000e+03
4.912000000000000000e+03
4.912000000000000000e+03
4.912000000000000000e+03
4.912000000000000000e+03
4.912000000000000000e+03
4.912000000000000000e+03
4.912000000000000000e+03
4.913000000000000000e+03
4.913000000000000000e+03
4.913000000000000000e+03
4.913000000000000000e+03
4.913000000000000000e+03
4.913000000000000000e+03
4.914000000000000000e+03
4.914000000000000000e+03
4.914000000000000000e+03
4.914000000000000000e+03
4.914000000000000000e+03
4.914000000000000000e+03
4.915000000000000000e+03
4.915000000000000000e+03
4.915000000000000000e+03
4.915000000000000000e+03
4.915000000000000000e+03
4.915000000000000000e+03
4.916000000000000000e+03
4.916000000000000000e+03
4.916000000000000000e+03
4.916000000000000000e+03
4.916000000000000000e+03
4.916000000000000000e+03
4.917000000000000000e+03
4.917000000000000000e+03
4.917000000000000000e+03
4.917000000000000000e+03
4.917000000000000000e+03
4.917000000000000000e+03
4.918000000000000000e+03
4.918000000000000000e+03
4.918000000000000000e+03
4.918000000000000000e+03
4.918000000000000000e+03
4.918000000000000000e+03
4.918000000000000000e+03
4.919000000000000000e+03
4.919000000000000000e+03
4.919000000000000000e+03
4.919000000000000000e+03
4.919000000000000000e+03
4.919000000000000000e+03
4.920000000000000000e+03
4.920000000000000000e+03
4.920000000000000000e+03
4.920000000000000000e+03
4.920000000000000000e+03
4.920000000000000000e+03
4.921000000000000000e+03
4.921000000000000000e+03
4.921000000000000000e+03
4.921000000000000000e+03
4.921000000000000000e+03
4.921000000000000000e+03
4.921000000000000000e+03
4.922000000000000000e+03
4.922000000000000000e+03
4.922000000000000000e+03
4.922000000000000000e+03
4.922000000000000000e+03
4.922000000000000000e+03
4.923000000000000000e+03
4.923000000000000000e+03
4.923000000000000000e+03
4.923000000000000000e+03
4.923000000000000000e+03
4.924000000000000000e+03
4.924000000000000000e+03
4.924000000000000000e+03
4.924000000000000000e+03
4.924000000000000000e+03
4.924000000000000000e+03
4.924000000000000000e+03
4.925000000000000000e+03
4.925000000000000000e+03
4.925000000000000000e+03
4.925000000000000000e+03
4.925000000000000000e+03
4.925000000000000000e+03
4.925000000000000000e+03
4.926000000000000000e+03
4.926000000000000000e+03
4.926000000000000000e+03
4.926000000000000000e+03
4.926000000000000000e+03
4.927000000000000000e+03
4.927000000000000000e+03
4.927000000000000000e+03
4.927000000000000000e+03
4.927000000000000000e+03
4.927000000000000000e+03
4.928000000000000000e+03
4.928000000000000000e+03
4.928000000000000000e+03
4.928000000000000000e+03
4.928000000000000000e+03
4.928000000000000000e+03
4.929000000000000000e+03
4.929000000000000000e+03
4.929000000000000000e+03
4.929000000000000000e+03
4.929000000000000000e+03
4.929000000000000000e+03
4.930000000000000000e+03
4.930000000000000000e+03
4.930000000000000000e+03
4.930000000000000000e+03
4.930000000000000000e+03
4.930000000000000000e+03
4.931000000000000000e+03
4.931000000000000000e+03
4.931000000000000000e+03
4.931000000000000000e+03
4.931000000000000000e+03
4.931000000000000000e+03
4.931000000000000000e+03
4.932000000000000000e+03
4.932000000000000000e+03
4.932000000000000000e+03
4.932000000000000000e+03
4.932000000000000000e+03
4.932000000000000000e+03
4.933000000000000000e+03
4.933000000000000000e+03
4.933000000000000000e+03
4.933000000000000000e+03
4.933000000000000000e+03
4.933000000000000000e+03
4.934000000000000000e+03
4.934000000000000000e+03
4.934000000000000000e+03
4.934000000000000000e+03
4.934000000000000000e+03
4.935000000000000000e+03
4.935000000000000000e+03
4.935000000000000000e+03
4.935000000000000000e+03
4.935000000000000000e+03
4.936000000000000000e+03
4.936000000000000000e+03
4.936000000000000000e+03
4.936000000000000000e+03
4.936000000000000000e+03
4.937000000000000000e+03
4.937000000000000000e+03
4.937000000000000000e+03
4.937000000000000000e+03
4.937000000000000000e+03
4.937000000000000000e+03
4.937000000000000000e+03
4.938000000000000000e+03
4.938000000000000000e+03
4.938000000000000000e+03
4.938000000000000000e+03
4.938000000000000000e+03
4.938000000000000000e+03
4.939000000000000000e+03
4.939000000000000000e+03
4.939000000000000000e+03
4.939000000000000000e+03
4.939000000000000000e+03
4.939000000000000000e+03
4.940000000000000000e+03
4.940000000000000000e+03
4.940000000000000000e+03
4.940000000000000000e+03
4.940000000000000000e+03
4.941000000000000000e+03
4.941000000000000000e+03
4.941000000000000000e+03
4.941000000000000000e+03
4.941000000000000000e+03
4.941000000000000000e+03
4.941000000000000000e+03
4.942000000000000000e+03
4.942000000000000000e+03
4.942000000000000000e+03
4.942000000000000000e+03
4.942000000000000000e+03
4.942000000000000000e+03
4.942000000000000000e+03
4.943000000000000000e+03
4.943000000000000000e+03
4.943000000000000000e+03
4.943000000000000000e+03
4.943000000000000000e+03
4.943000000000000000e+03
4.943000000000000000e+03
4.944000000000000000e+03
4.944000000000000000e+03
4.944000000000000000e+03
4.944000000000000000e+03
4.944000000000000000e+03
4.944000000000000000e+03
4.945000000000000000e+03
4.945000000000000000e+03
4.945000000000000000e+03
4.945000000000000000e+03
4.945000000000000000e+03
4.945000000000000000e+03
4.946000000000000000e+03
4.946000000000000000e+03
4.946000000000000000e+03
4.946000000000000000e+03
4.946000000000000000e+03
4.946000000000000000e+03
4.947000000000000000e+03
4.947000000000000000e+03
4.947000000000000000e+03
4.947000000000000000e+03
4.947000000000000000e+03
4.948000000000000000e+03
4.948000000000000000e+03
4.948000000000000000e+03
4.948000000000000000e+03
4.948000000000000000e+03
4.949000000000000000e+03
4.949000000000000000e+03
4.949000000000000000e+03
4.949000000000000000e+03
4.949000000000000000e+03
4.950000000000000000e+03
4.950000000000000000e+03
4.950000000000000000e+03
4.950000000000000000e+03
4.951000000000000000e+03
4.951000000000000000e+03
4.951000000000000000e+03
4.951000000000000000e+03
4.951000000000000000e+03
4.952000000000000000e+03
4.952000000000000000e+03
4.952000000000000000e+03
4.952000000000000000e+03
4.952000000000000000e+03
4.952000000000000000e+03
4.953000000000000000e+03
4.953000000000000000e+03
4.953000000000000000e+03
4.953000000000000000e+03
4.953000000000000000e+03
4.954000000000000000e+03
4.954000000000000000e+03
4.954000000000000000e+03
4.954000000000000000e+03
4.954000000000000000e+03
4.955000000000000000e+03
4.955000000000000000e+03
4.955000000000000000e+03
4.955000000000000000e+03
4.955000000000000000e+03
4.956000000000000000e+03
4.956000000000000000e+03
4.956000000000000000e+03
4.956000000000000000e+03
4.956000000000000000e+03
4.957000000000000000e+03
4.957000000000000000e+03
4.957000000000000000e+03
4.958000000000000000e+03
4.958000000000000000e+03
4.958000000000000000e+03
4.958000000000000000e+03
4.959000000000000000e+03
4.959000000000000000e+03
4.959000000000000000e+03
4.959000000000000000e+03
4.960000000000000000e+03
4.960000000000000000e+03
4.960000000000000000e+03
4.960000000000000000e+03
4.961000000000000000e+03
4.961000000000000000e+03
4.961000000000000000e+03
4.961000000000000000e+03
4.962000000000000000e+03
4.962000000000000000e+03
4.962000000000000000e+03
4.962000000000000000e+03
4.962000000000000000e+03
4.963000000000000000e+03
4.963000000000000000e+03
4.963000000000000000e+03
4.963000000000000000e+03
4.963000000000000000e+03
4.963000000000000000e+03
4.964000000000000000e+03
4.964000000000000000e+03
4.964000000000000000e+03
4.964000000000000000e+03
4.964000000000000000e+03
4.964000000000000000e+03
4.965000000000000000e+03
4.965000000000000000e+03
4.965000000000000000e+03
4.965000000000000000e+03
4.966000000000000000e+03
4.966000000000000000e+03
4.966000000000000000e+03
4.966000000000000000e+03
4.966000000000000000e+03
4.967000000000000000e+03
4.967000000000000000e+03
4.967000000000000000e+03
4.967000000000000000e+03
4.967000000000000000e+03
4.967000000000000000e+03
4.968000000000000000e+03
4.968000000000000000e+03
4.968000000000000000e+03
4.968000000000000000e+03
4.968000000000000000e+03
4.969000000000000000e+03
4.969000000000000000e+03
4.969000000000000000e+03
4.969000000000000000e+03
4.969000000000000000e+03
4.970000000000000000e+03
4.970000000000000000e+03
4.970000000000000000e+03
4.970000000000000000e+03
4.971000000000000000e+03
4.971000000000000000e+03
4.971000000000000000e+03
4.971000000000000000e+03
4.971000000000000000e+03
4.972000000000000000e+03
4.972000000000000000e+03
4.972000000000000000e+03
4.972000000000000000e+03
4.973000000000000000e+03
4.973000000000000000e+03
4.973000000000000000e+03
4.973000000000000000e+03
4.973000000000000000e+03
4.973000000000000000e+03
4.974000000000000000e+03
4.974000000000000000e+03
4.974000000000000000e+03
4.974000000000000000e+03
4.974000000000000000e+03
4.975000000000000000e+03
4.975000000000000000e+03
4.975000000000000000e+03
4.976000000000000000e+03
4.976000000000000000e+03
4.976000000000000000e+03
4.976000000000000000e+03
4.977000000000000000e+03
4.977000000000000000e+03
4.977000000000000000e+03
4.978000000000000000e+03
4.978000000000000000e+03
4.978000000000000000e+03
4.978000000000000000e+03
4.978000000000000000e+03
4.979000000000000000e+03
4.979000000000000000e+03
4.979000000000000000e+03
4.979000000000000000e+03
4.979000000000000000e+03
4.980000000000000000e+03
4.980000000000000000e+03
4.980000000000000000e+03
4.981000000000000000e+03
4.981000000000000000e+03
4.981000000000000000e+03
4.981000000000000000e+03
4.982000000000000000e+03
4.982000000000000000e+03
4.982000000000000000e+03
4.982000000000000000e+03
4.983000000000000000e+03
4.983000000000000000e+03
4.983000000000000000e+03
4.983000000000000000e+03
4.983000000000000000e+03
4.983000000000000000e+03
4.984000000000000000e+03
4.984000000000000000e+03
4.984000000000000000e+03
4.984000000000000000e+03
4.984000000000000000e+03
4.984000000000000000e+03
4.984000000000000000e+03
4.985000000000000000e+03
4.985000000000000000e+03
4.985000000000000000e+03
4.985000000000000000e+03
4.985000000000000000e+03
4.985000000000000000e+03
4.986000000000000000e+03
4.986000000000000000e+03
4.986000000000000000e+03
4.986000000000000000e+03
4.986000000000000000e+03
4.987000000000000000e+03
4.987000000000000000e+03
4.987000000000000000e+03
4.987000000000000000e+03
4.988000000000000000e+03
4.988000000000000000e+03
4.988000000000000000e+03
4.989000000000000000e+03
4.989000000000000000e+03
4.989000000000000000e+03
4.989000000000000000e+03
4.990000000000000000e+03
4.990000000000000000e+03
4.990000000000000000e+03
4.991000000000000000e+03
4.991000000000000000e+03
4.991000000000000000e+03
4.991000000000000000e+03
4.991000000000000000e+03
4.992000000000000000e+03
4.992000000000000000e+03
4.992000000000000000e+03
4.992000000000000000e+03
4.992000000000000000e+03
4.992000000000000000e+03
4.993000000000000000e+03
4.993000000000000000e+03
4.993000000000000000e+03
4.993000000000000000e+03
4.994000000000000000e+03
4.994000000000000000e+03
4.994000000000000000e+03
4.994000000000000000e+03
4.995000000000000000e+03
4.995000000000000000e+03
4.995000000000000000e+03
4.995000000000000000e+03
4.995000000000000000e+03
4.995000000000000000e+03
4.996000000000000000e+03
4.996000000000000000e+03
4.996000000000000000e+03
4.996000000000000000e+03
4.996000000000000000e+03
4.996000000000000000e+03
4.996000000000000000e+03
4.997000000000000000e+03
4.997000000000000000e+03
4.997000000000000000e+03
4.997000000000000000e+03
4.997000000000000000e+03
4.998000000000000000e+03
4.998000000000000000e+03
4.998000000000000000e+03
4.998000000000000000e+03
4.999000000000000000e+03
4.999000000000000000e+03
4.999000000000000000e+03
4.999000000000000000e+03
5.000000000000000000e+03
5.000000000000000000e+03
5.000000000000000000e+03
5.001000000000000000e+03
5.001000000000000000e+03
5.001000000000000000e+03
5.001000000000000000e+03
5.002000000000000000e+03
5.002000000000000000e+03
5.002000000000000000e+03
5.003000000000000000e+03
5.003000000000000000e+03
5.003000000000000000e+03
5.004000000000000000e+03
5.004000000000000000e+03
5.004000000000000000e+03
5.005000000000000000e+03
5.005000000000000000e+03
5.005000000000000000e+03
5.006000000000000000e+03
5.006000000000000000e+03
5.006000000000000000e+03
5.007000000000000000e+03
5.007000000000000000e+03
5.007000000000000000e+03
5.007000000000000000e+03
5.008000000000000000e+03
5.008000000000000000e+03
5.008000000000000000e+03
5.008000000000000000e+03
5.009000000000000000e+03
5.009000000000000000e+03
5.009000000000000000e+03
5.009000000000000000e+03
5.009000000000000000e+03
5.010000000000000000e+03
5.010000000000000000e+03
5.010000000000000000e+03
5.010000000000000000e+03
5.011000000000000000e+03
5.011000000000000000e+03
5.011000000000000000e+03
5.011000000000000000e+03
5.012000000000000000e+03
5.012000000000000000e+03
5.012000000000000000e+03
5.012000000000000000e+03
5.013000000000000000e+03
5.013000000000000000e+03
5.013000000000000000e+03
5.013000000000000000e+03
5.013000000000000000e+03
5.014000000000000000e+03
5.014000000000000000e+03
5.014000000000000000e+03
5.014000000000000000e+03
5.015000000000000000e+03
5.015000000000000000e+03
5.015000000000000000e+03
5.015000000000000000e+03
5.015000000000000000e+03
5.015000000000000000e+03
5.016000000000000000e+03
5.016000000000000000e+03
5.016000000000000000e+03
5.016000000000000000e+03
5.017000000000000000e+03
5.017000000000000000e+03
5.017000000000000000e+03
5.018000000000000000e+03
5.018000000000000000e+03
5.018000000000000000e+03
5.018000000000000000e+03
5.018000000000000000e+03
5.019000000000000000e+03
5.019000000000000000e+03
5.019000000000000000e+03
5.019000000000000000e+03
5.020000000000000000e+03
5.020000000000000000e+03
5.021000000000000000e+03
5.022000000000000000e+03
5.023000000000000000e+03
5.023000000000000000e+03
5.024000000000000000e+03
5.024000000000000000e+03
5.024000000000000000e+03
5.024000000000000000e+03
5.024000000000000000e+03
5.025000000000000000e+03
5.025000000000000000e+03
5.025000000000000000e+03
5.025000000000000000e+03
5.025000000000000000e+03
5.026000000000000000e+03
5.026000000000000000e+03
5.026000000000000000e+03
5.026000000000000000e+03
5.026000000000000000e+03
5.027000000000000000e+03
5.027000000000000000e+03
5.027000000000000000e+03
5.028000000000000000e+03
5.028000000000000000e+03
5.028000000000000000e+03
5.028000000000000000e+03
5.028000000000000000e+03
5.029000000000000000e+03
5.029000000000000000e+03
5.029000000000000000e+03
5.029000000000000000e+03
5.029000000000000000e+03
5.030000000000000000e+03
5.030000000000000000e+03
5.030000000000000000e+03
5.030000000000000000e+03
5.030000000000000000e+03
5.031000000000000000e+03
5.031000000000000000e+03
5.031000000000000000e+03
5.031000000000000000e+03
5.031000000000000000e+03
5.032000000000000000e+03
5.032000000000000000e+03
5.032000000000000000e+03
5.032000000000000000e+03
5.033000000000000000e+03
5.033000000000000000e+03
5.033000000000000000e+03
5.033000000000000000e+03
5.034000000000000000e+03
5.034000000000000000e+03
5.034000000000000000e+03
5.034000000000000000e+03
5.034000000000000000e+03
5.034000000000000000e+03
5.035000000000000000e+03
5.035000000000000000e+03
5.036000000000000000e+03
5.036000000000000000e+03
5.037000000000000000e+03
5.037000000000000000e+03
5.037000000000000000e+03
5.037000000000000000e+03
5.038000000000000000e+03
5.038000000000000000e+03
5.038000000000000000e+03
5.039000000000000000e+03
5.039000000000000000e+03
5.039000000000000000e+03
5.039000000000000000e+03
5.040000000000000000e+03
5.040000000000000000e+03
5.041000000000000000e+03
5.041000000000000000e+03
5.042000000000000000e+03
5.042000000000000000e+03
5.043000000000000000e+03
5.043000000000000000e+03
5.043000000000000000e+03
5.044000000000000000e+03
5.044000000000000000e+03
5.044000000000000000e+03
5.044000000000000000e+03
5.044000000000000000e+03
5.045000000000000000e+03
5.045000000000000000e+03
5.045000000000000000e+03
5.045000000000000000e+03
5.045000000000000000e+03
5.046000000000000000e+03
5.046000000000000000e+03
5.046000000000000000e+03
5.046000000000000000e+03
5.047000000000000000e+03
5.047000000000000000e+03
5.047000000000000000e+03
5.047000000000000000e+03
5.047000000000000000e+03
5.048000000000000000e+03
5.048000000000000000e+03
5.048000000000000000e+03
5.048000000000000000e+03
5.048000000000000000e+03
5.049000000000000000e+03
5.049000000000000000e+03
5.049000000000000000e+03
5.049000000000000000e+03
5.050000000000000000e+03
5.050000000000000000e+03
5.050000000000000000e+03
5.050000000000000000e+03
5.050000000000000000e+03
5.050000000000000000e+03
5.051000000000000000e+03
5.051000000000000000e+03
5.051000000000000000e+03
5.051000000000000000e+03
5.052000000000000000e+03
5.052000000000000000e+03
5.053000000000000000e+03
5.053000000000000000e+03
5.053000000000000000e+03
5.053000000000000000e+03
5.053000000000000000e+03
5.054000000000000000e+03
5.054000000000000000e+03
5.054000000000000000e+03
5.054000000000000000e+03
5.054000000000000000e+03
5.054000000000000000e+03
5.055000000000000000e+03
5.055000000000000000e+03
5.055000000000000000e+03
5.055000000000000000e+03
5.055000000000000000e+03
5.056000000000000000e+03
5.056000000000000000e+03
5.056000000000000000e+03
5.057000000000000000e+03
5.057000000000000000e+03
5.057000000000000000e+03
5.057000000000000000e+03
5.058000000000000000e+03
5.058000000000000000e+03
5.058000000000000000e+03
5.058000000000000000e+03
5.059000000000000000e+03
5.059000000000000000e+03
5.059000000000000000e+03
5.059000000000000000e+03
5.059000000000000000e+03
5.059000000000000000e+03
5.060000000000000000e+03
5.060000000000000000e+03
5.060000000000000000e+03
5.060000000000000000e+03
5.060000000000000000e+03
5.061000000000000000e+03
5.061000000000000000e+03
5.061000000000000000e+03
5.061000000000000000e+03
5.062000000000000000e+03
5.062000000000000000e+03
5.062000000000000000e+03
5.062000000000000000e+03
5.063000000000000000e+03
5.063000000000000000e+03
5.063000000000000000e+03
5.063000000000000000e+03
5.063000000000000000e+03
5.064000000000000000e+03
5.065000000000000000e+03
5.066000000000000000e+03
5.066000000000000000e+03
5.066000000000000000e+03
5.066000000000000000e+03
5.067000000000000000e+03
5.067000000000000000e+03
5.067000000000000000e+03
5.068000000000000000e+03
5.068000000000000000e+03
5.068000000000000000e+03
5.068000000000000000e+03
5.068000000000000000e+03
5.069000000000000000e+03
5.069000000000000000e+03
5.069000000000000000e+03
5.069000000000000000e+03
5.070000000000000000e+03
5.070000000000000000e+03
5.071000000000000000e+03
5.071000000000000000e+03
5.071000000000000000e+03
5.071000000000000000e+03
5.072000000000000000e+03
5.072000000000000000e+03
5.072000000000000000e+03
5.072000000000000000e+03
5.073000000000000000e+03
5.073000000000000000e+03
5.073000000000000000e+03
5.073000000000000000e+03
5.074000000000000000e+03
5.074000000000000000e+03
5.074000000000000000e+03
5.074000000000000000e+03
5.074000000000000000e+03
5.074000000000000000e+03
5.075000000000000000e+03
5.075000000000000000e+03
5.075000000000000000e+03
5.075000000000000000e+03
5.076000000000000000e+03
5.076000000000000000e+03
5.076000000000000000e+03
5.076000000000000000e+03
5.077000000000000000e+03
5.077000000000000000e+03
5.077000000000000000e+03
5.077000000000000000e+03
5.077000000000000000e+03
5.077000000000000000e+03
5.078000000000000000e+03
5.078000000000000000e+03
