4.599613484446522620e-03
4.845483652003461025e-03
5.080837642159628798e-03
5.306275872608316388e-03
5.522279593763713273e-03
5.729291683535315226e-03
5.929029548046379702e-03
6.122587351529614093e-03
6.308187856440089676e-03
6.486326856494376882e-03
6.659894493363899617e-03
6.827210169639919522e-03
6.988194965435393612e-03
7.144642936782574782e-03
7.296547020841676057e-03
7.443170059891052875e-03
7.585195930354357227e-03
7.724245422141562400e-03
7.858899251693605981e-03
7.989466807538146351e-03
8.116849360465751631e-03
8.241473231915624753e-03
8.362654253930046008e-03
8.480616718707532573e-03
8.595658072213583148e-03
8.708829212863457292e-03
8.819240450568557182e-03
8.927056576325540296e-03
9.032429405184548912e-03
9.135498944072133545e-03
9.236761984177079693e-03
9.336195396288684417e-03
9.433607247907829785e-03
9.529104575858288184e-03
9.622786733368549408e-03
9.714746001264719030e-03
9.805068141949639660e-03
9.893832902701031953e-03
9.981114473936980938e-03
1.006698190734958177e-02
1.015149949817284111e-02
1.023472713530993242e-02
1.031675719977245137e-02
1.039759198270892061e-02
1.047726086547525783e-02
1.055581190500981884e-02
1.063334206465137502e-02
1.070987829350858456e-02
1.078544441550110394e-02
1.086007473259549203e-02
1.093380127447716489e-02
1.100665395604521861e-02
1.107866072367184526e-02
1.114984769112801338e-02
1.122023926598944912e-02
1.128985826725985124e-02
1.135872603487975314e-02
1.142686253172888605e-02
1.149428643867587106e-02
1.156114303624437498e-02
1.162747955357525294e-02
1.169315389554790793e-02
1.175817965983965221e-02
1.182256961926218645e-02
1.188633577987739838e-02
1.194948943514016412e-02
1.201224530119163365e-02
1.207452641334061383e-02
1.213622101132406060e-02
1.219733766166997309e-02
1.225788448033719898e-02
1.231790915830075460e-02
1.237767159253599404e-02
1.243687969048003737e-02
1.249553993208349020e-02
1.255365851500795694e-02
1.261133112668899603e-02
1.266871307085154150e-02
1.272556268713150029e-02
1.278188524132025522e-02
1.283768582220082971e-02
1.289323496186020428e-02
1.294832223352461106e-02
1.300289353323783210e-02
1.305695345798818519e-02
1.311070587262682004e-02
1.316406202684232765e-02
1.321691142082359952e-02
1.326925839142599657e-02
1.332129663884845140e-02
1.337294332122965917e-02
1.342409165925062889e-02
1.347474587394750789e-02
1.352512240768174133e-02
1.357507680438050854e-02
1.362454116628367129e-02
1.367351968244067024e-02
1.372226675516105728e-02
1.377054498669362179e-02
1.381834179810229567e-02
1.386570261490401197e-02
1.391279843299811705e-02
1.395941769767248229e-02
1.400556468067731819e-02
1.405133591396649957e-02
1.409678256949363842e-02
1.414176239626854792e-02
1.418627969205742655e-02
1.423046844728430987e-02
1.427428780557388720e-02
1.431765068499575577e-02
1.436056139969033377e-02
1.440317346089319342e-02
1.444539060139174783e-02
1.448716219442339539e-02
1.452849255492208967e-02
1.456953435221926794e-02
1.461017753418599081e-02
1.465038660402477773e-02
1.469016585931408499e-02
1.472964563624542568e-02
1.476874607285430692e-02
1.480742424176840349e-02
1.484568440466810940e-02
1.488361299310140932e-02
1.492120451471507132e-02
1.495838592122172676e-02
1.499516142080895183e-02
1.503155256228434419e-02
1.506767122246262247e-02
1.510339212850054548e-02
1.513871941921588610e-02
1.517365718336807952e-02
1.520827346215568483e-02
1.524257184462426799e-02
1.527648900386666120e-02
1.531002894543853632e-02
1.534319562564849700e-02
1.537606137740727373e-02
1.540860771533542756e-02
1.544078915020806117e-02
1.547260954423048014e-02
1.550407271150255895e-02
1.553521866203194483e-02
1.556608169977384375e-02
1.559659584231407742e-02
1.562676480152902850e-02
1.565659224260667476e-02
1.568608178485157711e-02
1.571530275445527300e-02
1.574421780606627061e-02
1.577280313366139636e-02
1.580106224953391897e-02
1.582899862169761390e-02
1.585661567464300911e-02
1.588396593546225269e-02
1.591103460784656226e-02
1.593779191410224852e-02
1.596424116946539365e-02
1.599038564737734897e-02
1.601622858019125656e-02
1.604177315986146657e-02
1.606708885284630767e-02
1.609211571255426618e-02
1.611685183364453683e-02
1.614130029974516004e-02
1.616546415585296687e-02
1.618934640897520469e-02
1.621295002875606725e-02
1.623631472446506255e-02
1.625943074881693387e-02
1.628227538110742570e-02
1.630485148533656475e-02
1.632716188990428197e-02
1.634920938819169403e-02
1.637099673912902065e-02
1.639252666775069603e-02
1.641382645943747012e-02
1.643490216472527979e-02
1.645572722921625347e-02
1.647630427741206272e-02
1.649663590161431354e-02
1.651672466243839232e-02
1.653657308931603953e-02
1.655618368098692866e-02
1.657555890597962531e-02
1.659471872604077400e-02
1.661367539938436028e-02
1.663240296187340136e-02
1.665090378856009037e-02
1.666918022586641457e-02
1.668723459202876153e-02
1.670506917753310575e-02
1.672268624554114347e-02
1.674008803230756653e-02
1.675727674758869731e-02
1.677426153614311813e-02
1.679106864945226901e-02
1.680766837924646540e-02
1.682406285023441139e-02
1.684025416206052367e-02
1.685624438968230318e-02
1.687203558374013312e-02
1.688762977091969389e-02
1.690302895430721708e-02
1.691823511373770003e-02
1.693325020613634796e-02
1.694807616585337906e-02
1.696273422393035704e-02
1.697721897412403716e-02
1.699151964052803346e-02
1.700563808259157247e-02
1.701957613843819994e-02
1.703333562517475933e-02
1.704691833919451394e-02
1.706032605647454792e-02
1.707356053286756062e-02
1.708662350438824862e-02
1.709951668749434481e-02
1.711224177936248453e-02
1.712480045815905488e-02
1.713720284669738650e-02
1.714945936440956734e-02
1.716155389597534553e-02
1.717348805480733639e-02
1.718526343637258660e-02
1.719688161844237784e-02
1.720834416133750627e-02
1.721965260816922180e-02
1.723080848507579227e-02
1.724181330145500846e-02
1.725266855019244941e-02
1.726337570788587933e-02
1.727393623506562684e-02
1.728435157641125541e-02
1.729462316096435845e-02
1.730475240233786752e-02
1.731475716493082254e-02
1.732462603107594312e-02
1.733435631618787318e-02
1.734394938014615153e-02
1.735340656826445116e-02
1.736272921148350468e-02
1.737191862656082761e-02
1.738097611625720809e-02
1.738990296952009490e-02
1.739870046166391501e-02
1.740736985454739011e-02
1.741591239674801159e-02
1.742432932373352492e-02
1.743262185803064537e-02
1.744079120939113353e-02
1.744883857495499804e-02
1.745676513941122471e-02
1.746457207515583060e-02
1.747226113203130538e-02
1.747984752576683606e-02
1.748731743062264740e-02
1.749467197551437050e-02
1.750191227774165748e-02
1.750903944313400920e-02
1.751605456619427861e-02
1.752295873023992229e-02
1.752975300754201424e-02
1.753643845946208785e-02
1.754301613658684061e-02
1.754948707886074336e-02
1.755585231571659896e-02
1.756211286620408887e-02
1.756826973911634546e-02
1.757432393311458840e-02
1.758027643685083213e-02
1.758612822908879256e-02
1.759188027882292032e-02
1.759753354539561609e-02
1.760308897861276659e-02
1.760854751885747305e-02
1.761391009720211440e-02
1.761917763551876584e-02
1.762435104658795215e-02
1.762943731973913228e-02
1.763443501263152816e-02
1.763934103737396786e-02
1.764415627423618696e-02
1.764888159487727412e-02
1.765351786244617402e-02
1.765806593168072272e-02
1.766252664900521199e-02
1.766690085262660054e-02
1.767118937262926112e-02
1.767539303106841625e-02
1.767951264206217218e-02
1.768354901188233172e-02
1.768750293904381571e-02
1.769137521439285640e-02
1.769516662119393832e-02
1.769887793521552136e-02
1.770250992481452179e-02
1.770606335101965190e-02
1.770953896761356949e-02
1.771293752121386872e-02
1.771625975135298833e-02
1.771950639055697857e-02
1.772267816442317165e-02
1.772577579169683920e-02
1.772879998434671867e-02
1.773175144763957517e-02
1.773463088021371564e-02
1.773743897415150719e-02
1.774017641505088588e-02
1.774284388209599120e-02
1.774544204812671805e-02
1.774797157970744652e-02
1.775043313719476892e-02
1.775282737480439119e-02
1.775515494067707312e-02
1.775741647694373607e-02
1.775961261978970321e-02
1.776174399951807592e-02
1.776381124061227751e-02
1.776581496179783018e-02
1.776775577610322301e-02
1.776963724257058994e-02
1.777145735321177325e-02
1.777321622389469238e-02
1.777491444716693125e-02
1.777655261015400820e-02
1.777813129461603900e-02
1.777965107700358802e-02
1.778111252851280466e-02
1.778251621513990063e-02
1.778386269773484310e-02
1.778515253205448579e-02
1.778638626881490215e-02
1.778756445374318068e-02
1.778868762762841199e-02
1.778975632637221430e-02
1.779077108103847837e-02
1.779173241790256432e-02
1.779264085849987381e-02
1.779349691967380132e-02
1.779430111362308511e-02
1.779505394794863790e-02
1.779575592569970083e-02
1.779640754541952571e-02
1.779700930119039112e-02
1.779756168267820210e-02
1.779806517517642031e-02
1.779852025964953274e-02
1.779892741277595489e-02
1.779928710699048636e-02
1.779959981052614548e-02
1.779986598745558410e-02
1.780008609773196457e-02
1.780026059722939966e-02
1.780038993778283382e-02
1.780047456722750818e-02
1.780051492943795360e-02
1.780051146436646692e-02
1.780046460808123315e-02
1.780037479280389967e-02
1.780024244694677210e-02
1.780006799514954885e-02
1.779985185831561498e-02
1.779959445364800649e-02
1.779929619468476401e-02
1.779895749133409907e-02
1.779857874990902616e-02
1.779816037316158533e-02
1.779770276031675952e-02
1.779720630710592347e-02
1.779667140579994922e-02
1.779609844524192991e-02
1.779548781087952891e-02
1.779483988479695772e-02
1.779415504574659301e-02
1.779343366918026761e-02
1.779267612728013814e-02
1.779188278898929249e-02
1.779105402004197561e-02
1.779019018299345459e-02
1.778929163724959905e-02
1.778835873909606971e-02
1.778739184172727777e-02
1.778639129527493853e-02
1.778535890044086534e-02
1.778429478373537431e-02
1.778319810878178225e-02
1.778206921283776581e-02
1.778090843024589598e-02
1.777971609246032508e-02
1.777849252807320660e-02
1.777723806284075767e-02
1.777595301970914810e-02
1.777463771883997651e-02
1.777329247763560077e-02
1.777191761076412496e-02
1.777051343018411222e-02
1.776908024516910684e-02
1.776761836233180930e-02
1.776612808564803289e-02
1.776460971648044160e-02
1.776306355360196196e-02
1.776148989321903529e-02
1.775988902899454380e-02
1.775826125207052505e-02
1.775660685109073378e-02
1.775492611222279082e-02
1.775321931918029394e-02
1.775148675324454001e-02
1.774972869328612923e-02
1.774794541578632659e-02
1.774613719485813521e-02
1.774430430226725183e-02
1.774244700745274475e-02
1.774056557754751309e-02
1.773866027739860740e-02
1.773673136958726221e-02
1.773477911444876903e-02
1.773280377009214120e-02
1.773080559241957746e-02
1.772878483514573125e-02
1.772674174981678577e-02
1.772467658582935549e-02
1.772258959044911708e-02
1.772048100882940222e-02
1.771835108402947112e-02
1.771620005703265777e-02
1.771402816676433817e-02
1.771183565010972169e-02
1.770962274193144809e-02
1.770739018787309202e-02
1.770514232030752366e-02
1.770287477706729978e-02
1.770058778456121487e-02
1.769828156726710455e-02
1.769595634774841220e-02
1.769361234667052654e-02
1.769124978281704647e-02
1.768886887310584452e-02
1.768646983260494659e-02
1.768405287454832830e-02
1.768161821035151016e-02
1.767916604962699312e-02
1.767669660019959010e-02
1.767421006812158746e-02
1.767170665768776072e-02
1.766918657145022040e-02
1.766665001023320566e-02
1.766409717314761443e-02
1.766152825760550910e-02
1.765894345933439677e-02
1.765634297239144362e-02
1.765372698917750879e-02
1.765109570045105686e-02
1.764844929534198706e-02
1.764578796136522312e-02
1.764311188443432390e-02
1.764042124887480953e-02
1.763771623743752570e-02
1.763499703131173393e-02
1.763226851688950644e-02
1.762952755874649599e-02
1.762677294788216054e-02
1.762400485900422059e-02
1.762122346532741732e-02
1.761842893858586723e-02
1.761562144904541688e-02
1.761280116551577554e-02
1.760996825536258886e-02
1.760712288451940499e-02
1.760426521749954010e-02
1.760139541740777733e-02
1.759851364595203457e-02
1.759562006345489343e-02
1.759271482886500676e-02
1.758979809976843681e-02
1.758687003239986849e-02
1.758393078165373241e-02
1.758098050109522734e-02
1.757801934297122809e-02
1.757504745822115536e-02
1.757206499648763381e-02
1.756907210612718845e-02
1.756606893422074309e-02
1.756306139209803246e-02
1.756004472599181215e-02
1.755701821037100943e-02
1.755398198706018334e-02
1.755093619666314372e-02
1.754788097857296753e-02
1.754481647098176181e-02
1.754174281089056903e-02
1.753866013411897046e-02
1.753556857531474861e-02
1.753246826796339697e-02
1.752935934439755344e-02
1.752624193580639561e-02
1.752311617224491108e-02
1.751998218264307766e-02
1.751684009481500534e-02
1.751369003546798114e-02
1.751053213021141683e-02
1.750736650356576538e-02
1.750419327897129868e-02
1.750101257879685748e-02
1.749783146154092889e-02
1.749464312945760158e-02
1.749144767462966488e-02
1.748824521504349985e-02
1.748503586765940906e-02
1.748181974841990158e-02
1.747859697225789127e-02
1.747536765310483617e-02
1.747213190389875978e-02
1.746888983659227249e-02
1.746564156216049227e-02
1.746238719060888567e-02
1.745912683098106710e-02
1.745586059136651491e-02
1.745258857890824924e-02
1.744931089981038852e-02
1.744602765934572669e-02
1.744273896186316480e-02
1.743944549025730484e-02
1.743615335760888632e-02
1.743285606328036016e-02
1.742955370786880565e-02
1.742624639108610388e-02
1.742293421176598425e-02
1.741961726787108478e-02
1.741629565649987707e-02
1.741296947389356017e-02
1.740963881544294045e-02
1.740630377569521089e-02
1.740296444836064368e-02
1.739962092631930704e-02
1.739627330162770227e-02
1.739292166552526900e-02
1.738956610844092851e-02
1.738620671999957165e-02
1.738284358902843565e-02
1.737948117106723894e-02
1.737611810711201313e-02
1.737275154682576053e-02
1.736938157582158457e-02
1.736600827894793642e-02
1.736263174029482187e-02
1.735925204319970980e-02
1.735586927025358633e-02
1.735248350330686334e-02
1.734909482347523832e-02
1.734570331114558550e-02
1.734230904598168047e-02
1.733891210692996288e-02
1.733551257222526454e-02
1.733211051939639522e-02
1.732870602527181864e-02
1.732530096358263216e-02
1.732189918366554282e-02
1.731849517083392659e-02
1.731508899911532798e-02
1.731168074186566208e-02
1.730827047177459915e-02
1.730485826087085552e-02
1.730144418052735611e-02
1.729802830146649067e-02
1.729461069376524857e-02
1.729119142686032923e-02
1.728777056955320066e-02
1.728434819001513009e-02
1.728092435579220432e-02
1.727749913381022850e-02
1.727407259037969101e-02
1.727064965519948397e-02
1.726722805878430980e-02
1.726380531640837532e-02
1.726038149194103477e-02
1.725695664866145132e-02
1.725353084926324609e-02
1.725010415585914725e-02
1.724667662998555923e-02
1.724324833260714590e-02
1.723981932412131657e-02
1.723638966436274664e-02
1.723295941260781505e-02
1.722952862757901396e-02
1.722609736744930634e-02
1.722266568984654259e-02
1.721923856390099664e-02
1.721581361415443906e-02
1.721238839541720800e-02
1.720896296317193583e-02
1.720553737237827049e-02
1.720211167747696598e-02
1.719868593239403526e-02
1.719526019054476787e-02
1.719183450483782044e-02
1.718840892767917183e-02
1.718498351097612689e-02
1.718155830614124385e-02
1.717813336409626870e-02
1.717470873527598973e-02
1.717128694633798802e-02
1.716787047415705217e-02
1.716445444142464596e-02
1.716103889667499466e-02
1.715762388797510696e-02
1.715420946292842488e-02
1.715079566867854302e-02
1.714738255191278551e-02
1.714397015886588715e-02
1.714055853532348711e-02
1.713714772662573368e-02
1.713373777767083009e-02
1.713032873291847266e-02
1.712692063639336543e-02
1.712351779645354330e-02
1.712011907119754747e-02
1.711672140071912943e-02
1.711332482735976324e-02
1.710992939304343055e-02
1.710653513927999636e-02
1.710314210716843905e-02
1.709975033740010822e-02
1.709635987026198942e-02
1.709297074563986135e-02
1.708958300302148431e-02
1.708619668149980592e-02
1.708281181977602814e-02
1.707943028329486287e-02
1.707605576459956739e-02
1.707268279598394070e-02
1.706931141464649096e-02
1.706594165740974584e-02
1.706257356072326051e-02
1.705920716066658058e-02
1.705584249295216681e-02
1.705247959292829907e-02
1.704911849558200798e-02
1.704575923554188174e-02
1.704240184708098044e-02
1.703904636411962548e-02
1.703569467282174676e-02
1.703235035541269052e-02
1.702900801929422767e-02
1.702566769704587715e-02
1.702232942090853643e-02
1.701899322278726742e-02
1.701565913425392984e-02
1.701232718654980408e-02
1.700899741058826617e-02
1.700566983695738985e-02
1.700234449592251743e-02
1.699902141742885842e-02
1.699570063110403262e-02
1.699238671625359284e-02
1.698907778682614417e-02
1.698577121246269694e-02
1.698246702159529262e-02
1.697916524235110192e-02
1.697586590255488123e-02
1.697256902973138387e-02
1.696927465110774011e-02
1.696598279361585457e-02
1.696269348389475504e-02
1.695940674829295516e-02
1.695612261287074429e-02
1.695284318832917039e-02
1.694957145694102330e-02
1.694630237794771122e-02
1.694303597633506006e-02
1.693977227681225245e-02
1.693651130381402040e-02
1.693325308150284841e-02
1.692999763377115580e-02
1.692674498424349971e-02
1.692349515627863954e-02
1.692024817297179198e-02
1.691700405715663991e-02
1.691376419613656659e-02
1.691053293971852070e-02
1.690730459343411235e-02
1.690407917915218161e-02
1.690085671849058530e-02
1.689763723281811555e-02
1.689442074325661625e-02
1.689120727068292582e-02
1.688799683573082369e-02
1.688478945879304943e-02
1.688158516002317977e-02
1.687838395933764085e-02
1.687518928712270286e-02
1.687200132244048856e-02
1.686881648991640087e-02
1.686563480860121811e-02
1.686245629731802920e-02
1.685928097466405859e-02
1.685610885901251896e-02
1.685293996851440490e-02
1.684977432110028664e-02
1.684661193448213148e-02
1.684345282615502468e-02
1.684029701339900126e-02
1.683715086300550598e-02
1.683400858786052515e-02
1.683086963469466665e-02
1.682773402001212781e-02
1.682460176011067385e-02
1.682147287108327199e-02
1.681834736881974643e-02
1.681522526900845749e-02
1.681210658713792189e-02
1.680899133849849195e-02
1.680587953818389255e-02
1.680277414871129624e-02
1.679967611464353375e-02
1.679658154896376474e-02
1.679349046606502457e-02
1.679040288015162807e-02
1.678731880524076889e-02
1.678423825516397669e-02
1.678116124356870964e-02
1.677808778391979769e-02
1.677501788950099687e-02
1.677195157341644649e-02
1.676888993007404766e-02
1.676583755871025386e-02
1.676278878003219577e-02
1.675974360651181008e-02
1.675670205044862970e-02
1.675366412397122709e-02
1.675062983903858813e-02
1.674759920744151726e-02
1.674457224080405301e-02
1.674154895058481418e-02
1.673852934807835979e-02
1.673551344441659774e-02
1.673250785347620007e-02
1.672950602411244631e-02
1.672650790240110333e-02
1.672351349890962083e-02
1.672052282404934767e-02
1.671753588807674967e-02
1.671455270109473840e-02
1.671157327305396526e-02
1.670859761375401500e-02
1.670562573284475882e-02
1.670265859606601469e-02
1.669970088462041993e-02
1.669674695617272969e-02
1.669379681986022171e-02
1.669085048467645188e-02
1.668790795947242694e-02
1.668496925295780489e-02
1.668203437370212663e-02
1.667910333013592275e-02
1.667617613055190351e-02
1.667325278310612113e-02
1.667033701301727858e-02
1.666742789327541399e-02
1.666452262615304714e-02
1.666162121934576176e-02
1.665872368041800694e-02
1.665583001680415870e-02
1.665294023580967189e-02
1.665005434461214531e-02
1.664717235026238334e-02
1.664429425968550966e-02
1.664142027257356840e-02
1.663855644258445052e-02
1.663569651345003439e-02
1.663284049167847167e-02
1.662998838365729176e-02
1.662714019565443568e-02
1.662429593381926224e-02
1.662145560418355761e-02
1.661861921266253456e-02
1.661578676505582122e-02
1.661295826704846379e-02
1.661013765894025010e-02
1.660732341696977837e-02
1.660451311835381763e-02
1.660170676840418483e-02
1.659890437232275709e-02
1.659610593520240152e-02
1.659331146202794316e-02
1.659052095767703586e-02
1.658773442692115449e-02
1.658495187442644153e-02
1.658217676835350637e-02
1.657940845744010697e-02
1.657664411581822456e-02
1.657388374781729526e-02
1.657112735766573530e-02
1.656837494949182921e-02
1.656562652732459021e-02
1.656288209509458945e-02
1.656014165663486845e-02
1.655740521568172668e-02
1.655467689329356146e-02
1.655195465947306016e-02
1.654923641174601071e-02
1.654652215354558351e-02
1.654381188821217596e-02
1.654110561899421739e-02
1.653840334904901205e-02
1.653570508144349555e-02
1.653301081915505358e-02
1.653032056507227482e-02
1.652763929130302706e-02
1.652496318987603172e-02
1.652229108305400263e-02
1.651962297345324626e-02
1.651695886360491153e-02
1.651429875595581201e-02
1.651164265286905394e-02
1.650899055662490358e-02
1.650634246942142558e-02
1.650369882266104760e-02
1.650106483436246038e-02
1.649843483971781197e-02
1.649580884067857953e-02
1.649318683911744909e-02
1.649056883682903027e-02
1.648795483553052929e-02
1.648534483686246374e-02
1.648273884238934603e-02
1.648013685360036340e-02
1.647754171911721549e-02
1.647495374442753402e-02
1.647236975828197600e-02
1.646978976194937022e-02
1.646721375662632894e-02
1.646464174343788972e-02
1.646207372343818504e-02
1.645950969761107024e-02
1.645694966687074115e-02
1.645439363206240360e-02
1.645184738902518221e-02
1.644930526983615429e-02
1.644676712788627551e-02
1.644423296382450592e-02
1.644170277823364668e-02
1.643917657163096804e-02
1.643665434446879223e-02
1.643413609713511789e-02
1.643162182995415443e-02
1.642911454731840401e-02
1.642661410448071485e-02
1.642411762184599333e-02
1.642162509956225300e-02
1.641913653771642778e-02
1.641665193633492711e-02
1.641417129538419450e-02
1.641169461477124530e-02
1.640922189434423223e-02
1.640675412965983404e-02
1.640429513330562278e-02
1.640184007607087269e-02
1.639938895764610216e-02
1.639694177766544067e-02
1.639449853570712143e-02
1.639205923129406078e-02
1.638962386389433701e-02
1.638719243292171418e-02
1.638476493773618342e-02
1.638234569375086533e-02
1.637993179029718915e-02
1.637752180048744274e-02
1.637511572354287404e-02
1.637271355863322356e-02
1.637031530487720321e-02
1.636792096134295424e-02
1.636553052704855377e-02
1.636314400096249011e-02
1.636076256686614869e-02
1.635838951097575919e-02
1.635602034028871624e-02
1.635365505365050584e-02
1.635129364985914158e-02
1.634893612766562601e-02
1.634658248577435663e-02
1.634423272284361503e-02
1.634188683748602836e-02
1.633954482826895788e-02
1.633721164699903847e-02
1.633488295935031642e-02
1.633255812402329560e-02
1.633023713947839503e-02
1.632792000413274200e-02
1.632560671636059529e-02
1.632329727449376156e-02
1.632099167682200119e-02
1.631868992159346207e-02
1.631639556860341178e-02
1.631410700254546861e-02
1.631182225447197834e-02
1.630954132253743111e-02
1.630726420485650169e-02
1.630499089950442071e-02
1.630272140451740140e-02
1.630045571789300388e-02
1.629819383759052026e-02
1.629593909201368027e-02
1.629369026497924297e-02
1.629144521926173886e-02
1.628920395273909458e-02
1.628696646325262717e-02
1.628473274860744655e-02
1.628250280657278157e-02
1.628027663488240684e-02
1.627805423123492370e-02
1.627584015008479157e-02
1.627363066158942981e-02
1.627142491567285659e-02
1.626922290996362513e-02
1.626702464205669052e-02
1.626483010951377400e-02
1.626263930986370995e-02
1.626045224060275809e-02
1.625826889919496435e-02
1.625609453801382664e-02
1.625392396780817386e-02
1.625175709960840001e-02
1.624959393081889733e-02
1.624743445881327367e-02
1.624527868093467164e-02
1.624312659449607052e-02
1.624097819678064700e-02
1.623883457484077281e-02
1.623669882456391794e-02
1.623456673687319676e-02
1.623243830900071225e-02
1.623031353815005892e-02
1.622819242149664207e-02
1.622607495618795526e-02
1.622396113934395506e-02
1.622185096805724147e-02
1.621974771546312588e-02
1.621765004310615765e-02
1.621555598991906641e-02
1.621346555295233999e-02
1.621137872923038292e-02
1.620929551575183564e-02
1.620721590948984506e-02
1.620513990739234217e-02
1.620306750638231263e-02
1.620100381605959344e-02
1.619894376168268257e-02
1.619688728181507831e-02
1.619483437334583512e-02
1.619278503314017237e-02
1.619073925803979005e-02
1.618869704486317063e-02
1.618665839040569696e-02
1.618462571766905375e-02
1.618259927965753214e-02
1.618057637365730855e-02
1.617855699643658968e-02
1.617654114474162408e-02
1.617452881529697628e-02
1.617252000480577656e-02
1.617051470994993606e-02
1.616851430068491288e-02
1.616652109297243151e-02
1.616453137410205423e-02
1.616254514073471246e-02
1.616056238951108989e-02
1.615858311705191397e-02
1.615660731995818833e-02
1.615463499481140097e-02
1.615266836847418022e-02
1.615070800286456942e-02
1.614875108236482615e-02
1.614679760354117977e-02
1.614484756294127035e-02
1.614290095709439848e-02
1.614095778251169178e-02
1.613901823590077611e-02
1.613708691892620783e-02
1.613515900636646946e-02
1.613323449472209639e-02
1.613131338047637739e-02
1.612939566009551420e-02
1.612748133002887482e-02
1.612557038670918430e-02
1.612366365151217396e-02
1.612176443405418866e-02
1.611986857651291974e-02
1.611797607531541277e-02
1.611608692687292385e-02
1.611420112758104803e-02
1.611231867381992741e-02
1.611043956195448712e-02
1.610856546175335954e-02
1.610669794310681802e-02
1.610483373957511885e-02
1.610297284752206307e-02
1.610111526329701878e-02
1.609926098323499408e-02
1.609741000365689720e-02
1.609556232086968922e-02
1.609372094660689936e-02
1.609188472426613045e-02
1.609005177201314196e-02
1.608822208615802787e-02
1.608639566299764970e-02
1.608457249881578219e-02
1.608275258988332151e-02
1.608093593245844138e-02
1.607912493224912531e-02
1.607731959787263992e-02
1.607551748840010605e-02
1.607371860009671263e-02
1.607192292921555063e-02
1.607013047199784203e-02
1.606834122467300577e-02
1.606655518345894915e-02
1.606477589873464562e-02
1.606300104592096184e-02
1.606122937274014062e-02
1.605946087542061210e-02
1.605769555017983602e-02
1.605593339322445787e-02
1.605417440075043375e-02
1.605241949256009520e-02
1.605067157779977577e-02
1.604892680116748460e-02
1.604718515887261152e-02
1.604544664711441207e-02
1.604371126208221920e-02
1.604197899995555426e-02
1.604024985690425190e-02
1.603852557400758591e-02
1.603680737242028573e-02
1.603509226371841248e-02
1.603338024408827722e-02
1.603167130970699350e-02
1.602996545674270981e-02
1.602826268135468246e-02
1.602656297969345944e-02
1.602486894204161599e-02
1.602318004555564751e-02
1.602149419678779163e-02
1.601981139190775463e-02
1.601813162707703755e-02
1.601645489844900558e-02
1.601478120216903375e-02
1.601311053437467005e-02
1.601144706065048967e-02
1.600978706315679331e-02
1.600813006833853164e-02
1.600647607235495401e-02
1.600482507135787824e-02
1.600317706149182589e-02
1.600153203889421658e-02
1.599989143023931859e-02
1.599825696553753770e-02
1.599662546247685932e-02
1.599499691721835079e-02
1.599337132591634875e-02
1.599174868471855276e-02
1.599012898976615027e-02
1.598851250801948745e-02
1.598690326121857824e-02
1.598529693523159309e-02
1.598369352622525108e-02
1.598209303036013385e-02
1.598049544379080700e-02
1.597890076266596238e-02
1.597730898312848050e-02
1.597572232129012421e-02
1.597414085603657968e-02
1.597256226717504515e-02
1.597098655087585140e-02
1.596941370330388910e-02
1.596784372061873028e-02
1.596627659897475321e-02
1.596471233452115626e-02
1.596315212659164817e-02
1.596159803775919206e-02
1.596004678116419787e-02
1.595849835298507324e-02
1.595695274939546229e-02
1.595540996656429067e-02
1.595387000065588701e-02
1.595233284783011130e-02
1.595079943993408383e-02
1.594927232613470650e-02
1.594774800071844384e-02
1.594622645987587781e-02
1.594470769979341659e-02
1.594319171665334670e-02
1.594167850663397168e-02
1.594016806590967464e-02
1.593866448084687790e-02
1.593716394943458722e-02
1.593566616288507112e-02
1.593417111740484671e-02
1.593267880919679857e-02
1.593118923446025861e-02
1.592970238939109620e-02
1.592822209706821687e-02
1.592674505444534316e-02
1.592527071729708810e-02
1.592379908185254447e-02
1.592233014433757504e-02
1.592086390097494780e-02
1.591940034798440193e-02
1.591794153162006537e-02
1.591648767182930399e-02
1.591503647846051819e-02
1.591358794776759344e-02
1.591214207600161190e-02
1.591069885941094955e-02
1.590925829424136642e-02
1.590782086927397532e-02
1.590638988880838794e-02
1.590496153606148211e-02
1.590353580731401067e-02
1.590211269884431178e-02
1.590069220692840249e-02
1.589927432783999964e-02
1.589785905785067593e-02
1.589644974325930132e-02
1.589504393044718911e-02
1.589364070332177636e-02
1.589224005819055152e-02
1.589084199135895603e-02
1.588944649913053356e-02
1.588805357780699937e-02
1.588666734411146170e-02
1.588528377665594099e-02
1.588390275695199250e-02
1.588252428133788557e-02
1.588114834615022772e-02
1.587977494772400966e-02
1.587840631446188824e-02
1.587704218899847405e-02
1.587568057736878091e-02
1.587432147594483589e-02
1.587296488109723666e-02
1.587161078919525556e-02
1.587025919660682918e-02
1.586891324050837201e-02
1.586757081855828116e-02
1.586623087325841203e-02
1.586489340101427184e-02
1.586355839823019517e-02
1.586222586130947576e-02
1.586089603824181876e-02
1.585957258968331493e-02
1.585825158455292372e-02
1.585693301929179400e-02
1.585561689034015870e-02
1.585430319413737646e-02
1.585299192712198713e-02
1.585168608196983048e-02
1.585038380500708444e-02
1.584908393506693006e-02
1.584778646862613702e-02
1.584649140216085397e-02
1.584519873214654956e-02
1.584390852957672652e-02
1.584262476778280221e-02
1.584134338050572841e-02
1.584006436425946379e-02
1.583878771555747439e-02
1.583751343091278907e-02
1.583624150683807241e-02
1.583497304555938137e-02
1.583370992959724777e-02
1.583244915254130442e-02
1.583119071094291411e-02
1.582993460135315861e-02
1.582868082032290805e-02
1.582742936440287296e-02
1.582618375790879189e-02
1.582494101302222775e-02
1.582370057185489634e-02
1.582246243099640765e-02
1.582122658703628490e-02
1.581999303656404440e-02
1.581876265099674966e-02
1.581753773129698781e-02
1.581631508392699129e-02
1.581509470551528684e-02
1.581387659269041859e-02
1.581266074208111452e-02
1.581144715031623446e-02
1.581023865144602983e-02
1.580903359386941209e-02
1.580783077425170977e-02
1.580663018926085558e-02
1.580543183556507372e-02
1.580423570983286244e-02
1.580304385141855991e-02
1.580185618344560200e-02
1.580067072278584089e-02
1.579948746614686858e-02
1.579830641023664481e-02
1.579712755176356301e-02
1.579595150955823493e-02
1.579478103171858341e-02
1.579361273089979409e-02
1.579244660384933330e-02
1.579128264731511147e-02
1.579012085804560803e-02
1.578896123278985403e-02
1.578780598224124865e-02
1.578665464235672750e-02
1.578550544634063635e-02
1.578435839098103408e-02
1.578321347306663874e-02
1.578207068938680679e-02
1.578093011873239054e-02
1.577979554309984905e-02
1.577866308178864016e-02
1.577753273162707526e-02
1.577640448944419779e-02
1.577527835206980755e-02
1.577415431633453352e-02
1.577303487169764637e-02
1.577191895153837523e-02
1.577080511337504432e-02
1.576969335407709186e-02
1.576858367051485119e-02
1.576747605955950218e-02
1.576637051808313372e-02
1.576527066934636789e-02
1.576417314985797957e-02
1.576307768047272365e-02
1.576198425810142190e-02
1.576089287965585020e-02
1.575980354204878711e-02
1.575871829122516346e-02
1.575763690082951016e-02
1.575655753212616347e-02
1.575548018206645445e-02
1.575440484760269946e-02
1.575333152568833550e-02
1.575226188035341174e-02
1.575119643317663895e-02
1.575013297963291301e-02
1.574907151671396666e-02
1.574801204141268451e-02
1.574695455072303019e-02
1.574589943542240023e-02
1.574484974604994231e-02
1.574380202260033945e-02
1.574275626210568449e-02
1.574171246159926027e-02
1.574067061811553273e-02
1.573963087277623074e-02
1.573859675923224358e-02
1.573756458424948115e-02
1.573653434490029576e-02
1.573550603825824359e-02
1.573447966139814719e-02
1.573345554574533123e-02
1.573243682858479001e-02
1.573142002297102729e-02
1.573040512601649524e-02
1.572939213483490542e-02
1.572838104654129474e-02
1.572737185825198031e-02
1.572636783251476350e-02
1.572536621741778620e-02
1.572436648434955703e-02
1.572336863046376598e-02
1.572237265291544228e-02
1.572137854886099251e-02
1.572038900912850826e-02
1.571940240802570735e-02
1.571841766266316581e-02
1.571743477023435087e-02
1.571645372793409670e-02
1.571547453295865648e-02
1.571449869959673507e-02
1.571352693691276808e-02
1.571255700401955752e-02
1.571158889815014656e-02
1.571062261653895578e-02
1.570965815642186986e-02
1.570869551503619593e-02
1.570773699223649428e-02
1.570678169578467592e-02
1.570582820078118141e-02
1.570487650449978526e-02
1.570392660421576075e-02
1.570297849720580716e-02
1.570203450812783508e-02
1.570109367843476253e-02
1.570015462494953745e-02
1.569921734498503155e-02
1.569828183585557368e-02
1.569734821232077540e-02
1.569641992977328579e-02
1.569549340117669042e-02
1.569456862388117838e-02
1.569364559523840977e-02
1.569272431260158168e-02
1.569180477332534143e-02
1.569088849061130858e-02
1.568997609367935725e-02
1.568906542346876903e-02
1.568815647736967328e-02
1.568724925277378487e-02
1.568634374707432791e-02
1.568543995766611548e-02
1.568454124734922767e-02
1.568364451771072157e-02
1.568274948796682250e-02
1.568185615554741619e-02
1.568096451788394269e-02
1.568007614236031563e-02
1.567919151543844050e-02
1.567830856705298287e-02
1.567742729467013971e-02
1.567654769575765189e-02
1.567566976778487012e-02
1.567479557162954409e-02
1.567392459007373520e-02
1.567305526344526384e-02
1.567218758924784558e-02
1.567132156498676765e-02
1.567045718816888200e-02
1.566959538792404155e-02
1.566873789136272524e-02
1.566788202643569494e-02
1.566702779068381707e-02
1.566617518164954703e-02
1.566532419687691885e-02
1.566447567307385075e-02
1.566363150445249444e-02
1.566278894448613554e-02
1.566194799075245822e-02
1.566110864083072873e-02
1.566027089230177458e-02
1.565943542767336480e-02
1.565860443164196827e-02
1.565777502159671625e-02
1.565694719515172903e-02
1.565612094992269859e-02
1.565529628352690245e-02
1.565447319358321751e-02
1.565365501254487382e-02
1.565283859810760736e-02
1.565202374494419069e-02
1.565121045070637026e-02
1.565039871304748156e-02
1.564958852962243518e-02
1.564878322688431286e-02
1.564797965680016917e-02
1.564717762596693276e-02
1.564637713207200215e-02
1.564557817280436136e-02
1.564478074585460080e-02
1.564398781421662971e-02
1.564319693847661744e-02
1.564240758026425038e-02
1.564161973730220437e-02
1.564083340731468874e-02
1.564005015029426571e-02
1.563927032574323819e-02
1.563849199953910862e-02
1.563771516943783177e-02
1.563693983319688202e-02
1.563616914344297115e-02
1.563540027128966850e-02
1.563463287853272127e-02
1.563386696296098152e-02
1.563310252236483483e-02
1.563234185726590161e-02
1.563158383615858779e-02
1.563082727572267377e-02
1.563007217377953770e-02
1.562931852815207731e-02
1.562856633666471692e-02
1.562781559714343516e-02
1.562706961021365776e-02
1.562632521478701103e-02
1.562558225723402472e-02
1.562484073541122592e-02
1.562410064717667871e-02
1.562336199038996676e-02
1.562262550504892565e-02
1.562189312951339261e-02
1.562116217151328021e-02
1.562043262893834245e-02
1.561970449967983211e-02
1.561897778163054418e-02
1.561825525769520474e-02
1.561753476499370269e-02
1.561681566977074498e-02
1.561609796994887535e-02
1.561538166345212073e-02
1.561466771368567701e-02
1.561395758802226752e-02
1.561324884210441195e-02
1.561254147388555988e-02
1.561183548132062671e-02
1.561113086236600757e-02
1.561042761497958946e-02
1.560972900351533313e-02
1.560903186628622395e-02
1.560833608724801654e-02
1.560764166438757816e-02
1.560694859569322114e-02
1.560625687915477046e-02
1.560556651276355684e-02
1.560488039769329649e-02
1.560419606807268364e-02
1.560351307541892399e-02
1.560283141775187232e-02
1.560215109309282325e-02
1.560147209946457884e-02
1.560079443489139142e-02
1.560012085710854590e-02
1.559944915716286740e-02
1.559877877328602787e-02
1.559810970353040817e-02
1.559744194594982203e-02
1.559677549859959066e-02
1.559611317359843770e-02
1.559545263525281139e-02
1.559479339431910083e-02
1.559413544888029954e-02
1.559347879702088248e-02
1.559282343682671240e-02
1.559217206139547687e-02
1.559152255487527422e-02
1.559087432736727501e-02
1.559022737698469163e-02
1.558958170184214682e-02
1.558893730005572222e-02
1.558829665798124910e-02
1.558765805494488968e-02
1.558702071277461021e-02
1.558638462961339094e-02
1.558574980360560858e-02
1.558511783760338845e-02
1.558448876987108232e-02
1.558386094693987520e-02
1.558323436698073709e-02
1.558260902816595121e-02
1.558198626017121696e-02
1.558136664019025425e-02
1.558074824913786675e-02
1.558013108521261181e-02
1.557951514661435471e-02
1.557890243032092857e-02
1.557829217257836532e-02
1.557768312808269218e-02
1.557707529505965999e-02
1.557646927396118437e-02
1.557586709577209010e-02
1.557526611708627551e-02
1.557466633615503700e-02
1.557406775123094597e-02
1.557347042080420470e-02
1.557287745145117044e-02
1.557228566626773537e-02
1.557169506353168857e-02
1.557110564152205251e-02
1.557051739851913336e-02
1.556993074120592742e-02
1.556934806169612238e-02
1.556876654950750498e-02
1.556818620294521047e-02
1.556760702031560403e-02
1.556702953672531829e-02
1.556645587977216819e-02
1.556588337519502520e-02
1.556531202132476269e-02
1.556474181649343189e-02
1.556417570786453909e-02
1.556361099408233757e-02
1.556304741791138778e-02
1.556248497770791085e-02
1.556192367182933009e-02
1.556136594923632037e-02
1.556081009621069870e-02
1.556025536620751076e-02
1.555970175760795424e-02
1.555914926879442377e-02
1.555860060875470519e-02
1.555805353580238734e-02
1.555750757145786187e-02
1.555696388454046869e-02
1.555642332415673249e-02
1.555588386128444259e-02
1.555534549435156483e-02
1.555480944137794912e-02
1.555427645487613558e-02
1.555374455331944537e-02
1.555321373515879992e-02
1.555268505125544445e-02
1.555215958973760193e-02
1.555163520072236523e-02
1.555111188268326963e-02
1.555059133037656888e-02
1.555007334625045819e-02
1.554955642230749710e-02
1.554904055704359363e-02
1.554852667086715524e-02
1.554801611499960490e-02
1.554750660711652806e-02
1.554699814573590189e-02
1.554649072937665417e-02
1.554598744684180384e-02
1.554548530595444705e-02
1.554498419951193429e-02
1.554448412605495371e-02
1.554398508412512675e-02
1.554348707226499773e-02
1.554299315751283411e-02
1.554250037161737479e-02
1.554200860534831093e-02
1.554151785726962803e-02
1.554102812594618417e-02
1.554053940994379324e-02
1.554005364816694185e-02
1.553957010771996224e-02
1.553908757228116000e-02
1.553860604043740858e-02
1.553812565571610106e-02
1.553764927415767112e-02
1.553717388597399864e-02
1.553669948977278066e-02
1.553622608416254172e-02
1.553575367342462966e-02
1.553528538227100762e-02
1.553481807159834763e-02
1.553435174003571159e-02
1.553388638621295594e-02
1.553342200876081311e-02
1.553295929711335024e-02
1.553249998701412837e-02
1.553204164330210420e-02
1.553158426462820409e-02
1.553112784964411075e-02
1.553067477004849151e-02
1.553022338940646986e-02
1.552977296257929130e-02
1.552932348823854621e-02
1.552887496505661949e-02
1.552843009369496083e-02
1.552798657038021932e-02
1.552754398845538654e-02
1.552710234661243936e-02
1.552666168746369771e-02
1.552622501974432190e-02
1.552578928242411178e-02
1.552535447421437773e-02
1.552492059382717254e-02
1.552449055214709557e-02
1.552406161487230457e-02
1.552363359584256128e-02
1.552320649378897098e-02
1.552278148641132206e-02
1.552235930303017160e-02
1.552193802713245675e-02
1.552151765746807507e-02
1.552109819278764055e-02
1.552067963184242984e-02
1.552026463237198700e-02
1.551985094580117346e-02
1.551943815359047886e-02
1.551902625450967896e-02
1.551861524732922951e-02
1.551820751264320654e-02
1.551780134561384604e-02
1.551739606120880986e-02
1.551699213134199139e-02
1.551659167451657599e-02
1.551619209110542338e-02
1.551579337991456677e-02
1.551539787263896131e-02
1.551500396927955536e-02
1.551461092901351181e-02
1.551421984667890504e-02
1.551383160238708515e-02
1.551344421212691276e-02
1.551305767473916755e-02
1.551267198906518263e-02
1.551228730555621015e-02
1.551190638121073204e-02
1.551152629961185560e-02
1.551114705961818135e-02
1.551076866008889270e-02
1.551039147748349209e-02
1.551001780626679906e-02
1.550964496664134114e-02
1.550927346722909272e-02
1.550890534567082521e-02
1.550853804689459811e-02
1.550817156979288590e-02
1.550780742331890963e-02
1.550744564370643529e-02
1.550708467703748941e-02
1.550672452222119635e-02
1.550636568576106537e-02
1.550601020551241500e-02
1.550565552846150386e-02
1.550530165353382339e-02
1.550494857965530222e-02
1.550459630575227662e-02
1.550424597776785610e-02
1.550389833528235256e-02
1.550355148422140165e-02
1.550320542352745870e-02
1.550286015214339189e-02
1.550251566901252390e-02
1.550217197307859722e-02
1.550183113418823581e-02
1.550149201632989790e-02
1.550115367723356626e-02
1.550081611585878670e-02
1.550047933116555435e-02
1.550014332211421993e-02
1.549981056218581454e-02
1.549947908874742264e-02
1.549914838261632656e-02
1.549881844276846700e-02
1.549848926818018016e-02
1.549816134220008586e-02
1.549783666908591956e-02
1.549751275298084929e-02
1.549718959287654796e-02
1.549686726435498853e-02
1.549654858430090688e-02
1.549623065206810757e-02
1.549591363863981296e-02
1.549560017627405958e-02
1.549528745360784047e-02
1.549497546966246107e-02
1.549466639471861092e-02
1.549435886205777733e-02
1.549405206006705150e-02
1.549374613609546050e-02
1.549344377266906499e-02
1.549314213191744713e-02
1.549284121289091522e-02
1.549254101464004468e-02
1.549224286036791735e-02
1.549194707074648056e-02
1.549165199398686368e-02
1.549135762915396404e-02
1.549106397531297211e-02
1.549077103152934030e-02
1.549048112817801894e-02
1.549019255277793612e-02
1.548990467961375815e-02
1.548961750776501126e-02
1.548933317287862557e-02
1.548905034860598509e-02
1.548876821789370133e-02
1.548848677983518697e-02
1.548820830027335636e-02
1.548793118940980026e-02
1.548765476351076850e-02
1.548737902168338849e-02
1.548710396303499756e-02
1.548682958667317242e-02
1.548655605774877306e-02
1.548628596553128754e-02
1.548601654799818157e-02
1.548574780427047423e-02
1.548547973346942226e-02
1.548521233471648710e-02
1.548494560713335570e-02
1.548468037828850535e-02
1.548441788541253181e-02
1.548415605620278961e-02
1.548389488979420338e-02
1.548363438532189551e-02
1.548337619850863149e-02
1.548311989975448451e-02
1.548286425550757586e-02
1.548260926491607480e-02
1.548235678357724743e-02
1.548210597896687059e-02
1.548185582064500257e-02
1.548160630777262355e-02
1.548135889632579372e-02
1.548111354907179098e-02
1.548086883996144941e-02
1.548062503957534433e-02
1.548038448456332504e-02
1.548014456043835148e-02
1.547990526638644976e-02
1.547966892934157096e-02
1.547943377183795370e-02
1.547919923721202684e-02
1.547896682013841403e-02
1.547873641089252648e-02
1.547850661737739525e-02
1.547827887303151323e-02
1.547805319455322626e-02
1.547782812470726785e-02
1.547760576392723415e-02
1.547738479954914245e-02
1.547716443675339545e-02
1.547694614848921929e-02
1.547672988010803143e-02
1.547651420630662134e-02
1.547629935817256865e-02
1.547608776701293182e-02
1.547587676347718204e-02
1.547566634682286113e-02
1.547545858796580374e-02
1.547525223618486170e-02
1.547504646438731431e-02
1.547484127184210224e-02
1.547463718679955094e-02
1.547443603766197016e-02
1.547423546093411838e-02
1.547403545589621891e-02
1.547383602182848643e-02
1.547363930273363414e-02
1.547344388491044692e-02
1.547324903128092198e-02
1.547305474113633457e-02
1.547286278284473390e-02
1.547267248894223721e-02
1.547248275180288304e-02
1.547229357072888063e-02
1.547210685388975167e-02
1.547192164968034730e-02
1.547173699486883471e-02
1.547155288876822000e-02
1.547137085713256276e-02
1.547119070800350230e-02
1.547101110097132658e-02
1.547083203535972763e-02
1.547065351049230555e-02
1.547047805935207639e-02
1.547030346413544311e-02
1.547012940311164216e-02
1.546995587561481207e-02
1.546978414916433744e-02
1.546961453063150013e-02
1.546944543912597871e-02
1.546927687399223331e-02
1.546910883457460265e-02
1.546894132021736819e-02
1.546877661552920058e-02
1.546861297425889195e-02
1.546844985161933451e-02
1.546828724696498736e-02
1.546812706590666373e-02
1.546796831483818191e-02
1.546781007537606674e-02
1.546765445471569127e-02
1.546750005877352632e-02
1.546734616810078664e-02
1.546719278207193786e-02
1.546703990006137799e-02
1.546688954933965118e-02
1.546674048303886551e-02
1.546659191447784937e-02
1.546644384304072042e-02
1.546629769654009681e-02
1.546615342124823753e-02
1.546601115593392549e-02
1.546587221755615568e-02
1.546573644715613233e-02
1.546560260923700303e-02
1.546546959397355862e-02
1.546533956114475375e-02
1.546520999811882603e-02
1.546508090432890600e-02
1.546495227920786746e-02
1.546482686772934247e-02
1.546470202259341876e-02
1.546457764006496996e-02
1.546445371958596847e-02
1.546433026059811436e-02
1.546420798029545310e-02
1.546408827164279416e-02
1.546396901847379990e-02
1.546385022023911461e-02
1.546373187638913280e-02
1.546361594344911744e-02
1.546350132393970594e-02
1.546338715286228738e-02
1.546327439138725154e-02
1.546316393315646555e-02
1.546305391744269044e-02
1.546294434371408948e-02
1.546283521143854318e-02
1.546272751918559979e-02
1.546262207270656004e-02
1.546251706181858872e-02
1.546241248599811505e-02
1.546230834472132193e-02
1.546220642882558012e-02
1.546210594726352833e-02
1.546200589443578327e-02
1.546190626982698463e-02
1.546180707292144248e-02
1.546171053893811639e-02
1.546161497546838862e-02
1.546151983394434756e-02
1.546142511385862825e-02
1.546133081470357946e-02
1.546123775212018131e-02
1.546114705834000964e-02
1.546105677978317113e-02
1.546096691595022672e-02
1.546087925341339646e-02
1.546079297760798686e-02
1.546070711086269638e-02
1.546062165268618886e-02
1.546053706526807729e-02
1.546045517543581833e-02
1.546037368855059622e-02
1.546029260412904761e-02
1.546021192168747435e-02
1.546013164074187471e-02
1.546005408756516257e-02
1.545997734277547789e-02
1.545990280995518211e-02
1.545982959847871756e-02
1.545975751841204525e-02
1.545968783676169959e-02
1.545961854093884542e-02
1.545954963048403429e-02
1.545948315039860459e-02
1.545941775295831683e-02
1.545935273541787329e-02
1.545928979797280695e-02
1.545922828279800570e-02
1.545916714208869606e-02
1.545910637540080269e-02
1.545904829640732531e-02
1.545899101462844608e-02
1.545893465510188129e-02
1.545888085387577340e-02
1.545882818236597213e-02
1.545877785930570812e-02
1.545872919876927626e-02
1.545868235176432043e-02
1.545863585864983535e-02
1.545859014144102851e-02
1.545854711305911199e-02
1.545850443328631446e-02
1.545846210171718943e-02
1.545842011794589833e-02
1.545837949392480683e-02
1.545834094975394313e-02
1.545830274814462973e-02
1.545826488869796525e-02
1.545822737101456602e-02
1.545819194026063978e-02
1.545815783735079996e-02
1.545812407101255538e-02
1.545809064085337803e-02
1.545805787972161054e-02
1.545802784501475527e-02
1.545799814133240815e-02
1.545796876828876842e-02
1.545793972549760337e-02
1.545791244328366745e-02
1.545788677174821449e-02
1.545786142535437828e-02
1.545783640372258051e-02
1.545781170647277623e-02
1.545778877224427555e-02
1.545776742110841449e-02
1.545774638928639616e-02
1.545772567640476061e-02
1.545770573587097740e-02
1.545768835048329064e-02
1.545767127900382620e-02
1.545765452106555651e-02
1.545763807630103071e-02
1.545762194434237465e-02
1.545760754481540281e-02
1.545759470912286618e-02
1.545758218125184782e-02
1.545756996084083311e-02
1.545755830108217280e-02
1.545754935833849701e-02
1.545754106378192765e-02
1.545753539588286610e-02
1.545753002592411933e-02
1.545752495355752834e-02
1.545752017843446575e-02
1.545751738904096659e-02
1.545751586551098733e-02
1.545751463434033579e-02
1.545751369518653419e-02
1.545751304770663637e-02
1.545751269155729891e-02
1.545751413713448638e-02
1.545751700083536871e-02
1.545752015102780375e-02
1.545752358737447971e-02
1.545752730953765287e-02
1.545753266300988263e-02
1.545753958062375671e-02
1.545754677925441876e-02
1.545755452677185018e-02
1.545756490974984666e-02
1.545757556897284918e-02
1.545758650411536983e-02
1.545759952004805912e-02
1.545761362400300924e-02
1.545762799913967013e-02
1.545764264513835827e-02
1.545765824490943213e-02
1.545767604162127593e-02
1.545769410448988995e-02
1.545771243320131529e-02
1.545773102744118881e-02
1.545774988689463912e-02
1.545777061737855715e-02
1.545779259770326854e-02
1.545781483857949085e-02
1.545783733969807727e-02
1.545786010074938314e-02
1.545788439786684870e-02
1.545791025581242512e-02
1.545793636906576431e-02
1.545796273732283344e-02
1.545799096845643442e-02
1.545802041721493214e-02
1.545805011638417582e-02
1.545808006566563343e-02
1.545811027630039289e-02
1.545814328786832177e-02
1.545817654498642460e-02
1.545821004736162331e-02
1.545824379470035932e-02
1.545827806103749515e-02
1.545831575808150060e-02
1.545835625140152582e-02
1.545839865074282934e-02
1.545844128265685957e-02
1.545848414686874089e-02
1.545852948992545821e-02
1.545857538571047095e-02
1.545862150933195039e-02
1.545867019653174128e-02
1.545871934188668140e-02
1.545876871064240377e-02
1.545881830253481234e-02
1.545886811729935660e-02
1.545891926590950427e-02
1.545897207807721448e-02
1.545902510871552393e-02
1.545907835756491627e-02
1.545913369123832516e-02
1.545918992176129741e-02
1.545924762257235019e-02
1.545930683085419699e-02
1.545936624887841310e-02
1.545942587639640223e-02
1.545948726773781028e-02
1.545954985688510232e-02
1.545961265120428946e-02
1.545967565045162050e-02
1.545973995623410591e-02
1.545980590031859579e-02
1.545987204503818102e-02
1.545993839015392946e-02
1.546000565109978755e-02
1.546007492438068905e-02
1.546014439379323618e-02
1.546021405910330028e-02
1.546028392007619753e-02
1.546035397647681393e-02
1.546042604647180664e-02
1.546049900305585846e-02
1.546057215084049169e-02
1.546064548959524138e-02
1.546071906192675316e-02
1.546079528305553501e-02
1.546087169095472849e-02
1.546094828539854200e-02
1.546102610323559640e-02
1.546110556492211185e-02
1.546118520898169708e-02
1.546126503519316096e-02
1.546134504333480410e-02
1.546142523318445525e-02
1.546150656854967248e-02
1.546158959703313948e-02
